sampleId	seedInit	solverName	numThrows	piHat	error	runtime
1	42690	needles3	10	3.0	0.14159265358979312	0.214807033539
2	21930	needles3	10	3.0	0.14159265358979312	0.217310190201
3	57384	needles3	10	3.0	0.14159265358979312	0.21430516243
4	17175	needles3	10	3.0	0.14159265358979312	0.219830989838
5	12139	needles3	10	3.0	0.14159265358979312	0.213029146194
6	5406	needles3	10	3.0	0.14159265358979312	0.230502128601
7	23074	needles3	10	3.0	0.14159265358979312	0.223572015762
8	55686	needles3	10	3.0	0.14159265358979312	0.213824987411
9	26007	needles3	10	3.0	0.14159265358979312	0.221522092819
10	43752	needles3	10	3.0	0.14159265358979312	0.228778123856
11	20442	needles3	10	3.0	0.14159265358979312	0.222378969193
12	40090	needles3	10	3.0	0.14159265358979312	0.234194040298
13	57104	needles3	10	3.0	0.14159265358979312	0.213286161423
14	51390	needles3	10	3.0	0.14159265358979312	0.215627193451
15	58298	needles3	10	3.0	0.14159265358979312	0.219986915588
16	27979	needles3	10	3.0	0.14159265358979312	0.232288837433
17	37132	needles3	10	3.0	0.14159265358979312	0.225023031235
18	42574	needles3	10	3.0	0.14159265358979312	0.228281974792
19	36449	needles3	10	3.0	0.14159265358979312	0.223632097244
20	43237	needles3	10	3.0	0.14159265358979312	0.23860502243
21	63827	needles3	10	3.0	0.14159265358979312	0.229691028595
22	14307	needles3	10	3.0	0.14159265358979312	0.224469184875
23	18656	needles3	10	3.0	0.14159265358979312	0.220520019531
24	7848	needles3	10	3.0	0.14159265358979312	0.220837831497
25	12624	needles3	10	3.0	0.14159265358979312	0.2180519104
26	65513	needles3	10	3.0	0.14159265358979312	0.232111215591
27	1532	needles3	10	3.0	0.14159265358979312	0.226409196854
28	16256	needles3	10	0.0	3.1415926535897931	0.231317996979
29	56667	needles3	10	3.0	0.14159265358979312	0.233382940292
30	34172	needles3	10	3.0	0.14159265358979312	0.223035097122
31	56117	needles3	10	3.0	0.14159265358979312	0.228866815567
32	24993	needles3	10	3.0	0.14159265358979312	0.230662107468
33	30940	needles3	10	3.0	0.14159265358979312	0.21327996254
34	60557	needles3	10	3.0	0.14159265358979312	0.220049858093
35	52614	needles3	10	3.0	0.14159265358979312	0.213721990585
36	32861	needles3	10	3.0	0.14159265358979312	0.213254928589
37	26859	needles3	10	3.0	0.14159265358979312	0.228026866913
38	25055	needles3	10	0.0	3.1415926535897931	0.225482940674
39	9732	needles3	10	3.0	0.14159265358979312	0.223366975784
40	53752	needles3	10	3.0	0.14159265358979312	0.214912891388
41	14952	needles3	10	3.0	0.14159265358979312	0.235468864441
42	21581	needles3	10	3.0	0.14159265358979312	0.217084884644
43	46762	needles3	10	3.0	0.14159265358979312	0.223130941391
44	20627	needles3	10	3.0	0.14159265358979312	0.225619077682
45	16560	needles3	10	3.0	0.14159265358979312	0.227297067642
46	32632	needles3	10	3.0	0.14159265358979312	0.223140001297
47	27631	needles3	10	3.0	0.14159265358979312	0.225522041321
48	45361	needles3	10	3.0	0.14159265358979312	0.227195978165
49	28564	needles3	10	3.0	0.14159265358979312	0.223571062088
50	36268	needles3	10	3.0	0.14159265358979312	0.211687088013
51	26375	needles3	10	3.0	0.14159265358979312	0.226819038391
52	56034	needles3	10	3.0	0.14159265358979312	0.216002941132
53	51240	needles3	10	3.0	0.14159265358979312	0.223550081253
54	42042	needles3	10	3.0	0.14159265358979312	0.229732990265
55	21577	needles3	10	3.0	0.14159265358979312	0.235610961914
56	16139	needles3	10	3.0	0.14159265358979312	0.218945026398
57	53436	needles3	10	3.0	0.14159265358979312	0.216164112091
58	61591	needles3	10	3.0	0.14159265358979312	0.226993083954
59	45110	needles3	10	3.0	0.14159265358979312	0.232537984848
60	5328	needles3	10	3.0	0.14159265358979312	0.227968931198
61	47229	needles3	10	3.0	0.14159265358979312	0.22437787056
62	41444	needles3	10	3.0	0.14159265358979312	0.216719865799
63	4080	needles3	10	3.0	0.14159265358979312	0.235532045364
64	54089	needles3	10	3.0	0.14159265358979312	0.229225873947
65	33981	needles3	10	3.0	0.14159265358979312	0.222285985947
66	67	needles3	10	3.0	0.14159265358979312	0.221894979477
67	60227	needles3	10	3.0	0.14159265358979312	0.237163066864
68	54852	needles3	10	3.0	0.14159265358979312	0.227203845978
69	47324	needles3	10	3.0	0.14159265358979312	0.228334188461
70	31452	needles3	10	3.0	0.14159265358979312	0.223443031311
71	32350	needles3	10	3.0	0.14159265358979312	0.222267866135
72	38120	needles3	10	3.0	0.14159265358979312	0.231802940369
73	54417	needles3	10	3.0	0.14159265358979312	0.218655109406
74	38674	needles3	10	3.0	0.14159265358979312	0.230891942978
75	59507	needles3	10	3.0	0.14159265358979312	0.216881990433
76	6437	needles3	10	3.0	0.14159265358979312	0.223064184189
77	50758	needles3	10	3.0	0.14159265358979312	0.223706007004
78	39499	needles3	10	0.0	3.1415926535897931	0.217648029327
79	15502	needles3	10	3.0	0.14159265358979312	0.225703001022
80	28672	needles3	10	3.0	0.14159265358979312	0.217136859894
81	64970	needles3	10	3.0	0.14159265358979312	0.234815835953
82	5876	needles3	10	3.0	0.14159265358979312	0.232377052307
83	2569	needles3	10	3.0	0.14159265358979312	0.218209981918
84	59481	needles3	10	3.0	0.14159265358979312	0.231069087982
85	30274	needles3	10	3.0	0.14159265358979312	0.2218708992
86	24388	needles3	10	3.0	0.14159265358979312	0.232621908188
87	64367	needles3	10	3.0	0.14159265358979312	0.223877906799
88	17170	needles3	10	3.0	0.14159265358979312	0.235963821411
89	21999	needles3	10	3.0	0.14159265358979312	0.225739002228
90	5459	needles3	10	3.0	0.14159265358979312	0.224538087845
91	64909	needles3	10	3.0	0.14159265358979312	0.229146003723
92	8593	needles3	10	3.0	0.14159265358979312	0.237740039825
93	32638	needles3	10	3.0	0.14159265358979312	0.231194972992
94	24048	needles3	10	3.0	0.14159265358979312	0.221230983734
95	30673	needles3	10	3.0	0.14159265358979312	0.235094070435
96	60063	needles3	10	3.0	0.14159265358979312	0.21641087532
97	48330	needles3	10	3.0	0.14159265358979312	0.223320007324
98	57412	needles3	10	3.0	0.14159265358979312	0.218027114868
99	15128	needles3	10	3.0	0.14159265358979312	0.234144926071
100	13958	needles3	10	3.0	0.14159265358979312	0.226272106171
101	36441	needles3	100	3.09278350515	0.048809148439793226	0.329329013824
102	58294	needles3	100	3.0	0.14159265358979312	0.318313121796
103	49100	needles3	100	3.1914893617	0.049896708110206855	0.320940971375
104	23054	needles3	100	3.0	0.14159265358979312	0.319963932037
105	33344	needles3	100	3.26086956522	0.11927691163020704	0.227385044098
106	51869	needles3	100	3.0	0.14159265358979312	0.337687969208
107	4121	needles3	100	3.0	0.14159265358979312	0.230293989182
108	61561	needles3	100	3.09278350515	0.048809148439793226	0.330092906952
109	54658	needles3	100	3.1914893617	0.049896708110206855	0.317515850067
110	50748	needles3	100	3.09278350515	0.048809148439793226	0.316593885422
111	21205	needles3	100	3.0	0.14159265358979312	0.318223953247
112	55442	needles3	100	3.0	0.14159265358979312	0.330891132355
113	35313	needles3	100	3.1914893617	0.049896708110206855	0.338350057602
114	29005	needles3	100	3.0	0.14159265358979312	0.331125974655
115	44037	needles3	100	3.0	0.14159265358979312	0.332281827927
116	25193	needles3	100	3.37078651685	0.22919386326020685	0.319169998169
117	48968	needles3	100	3.0	0.14159265358979312	0.327037811279
118	16763	needles3	100	3.0	0.14159265358979312	0.334103107452
119	32689	needles3	100	3.52941176471	0.38781911112020673	0.328183174133
120	8417	needles3	100	3.15789473684	0.016302083250206767	0.321003198624
121	22469	needles3	100	3.09278350515	0.048809148439793226	0.312982797623
122	63673	needles3	100	3.09278350515	0.048809148439793226	0.317414045334
123	13549	needles3	100	3.0	0.14159265358979312	0.23729801178
124	503	needles3	100	3.65853658537	0.5169439317802067	0.336302995682
125	25661	needles3	100	3.0	0.14159265358979312	0.210041999817
126	23427	needles3	100	3.0	0.14159265358979312	0.310424089432
127	62330	needles3	100	3.0	0.14159265358979312	0.324703931808
128	52314	needles3	100	3.0	0.14159265358979312	0.319115161896
129	23772	needles3	100	3.09278350515	0.048809148439793226	0.313356161118
130	62991	needles3	100	3.0	0.14159265358979312	0.316570043564
131	31703	needles3	100	3.0	0.14159265358979312	0.226058959961
132	64656	needles3	100	3.125	0.016592653589793116	0.330306053162
133	9796	needles3	100	3.0	0.14159265358979312	0.24539399147
134	49339	needles3	100	3.0	0.14159265358979312	0.311817169189
135	13455	needles3	100	3.0	0.14159265358979312	0.326339006424
136	28917	needles3	100	3.48837209302	0.34677943943020706	0.331424951553
137	2552	needles3	100	3.57142857143	0.42983591784020669	0.332561016083
138	32600	needles3	100	3.15789473684	0.016302083250206767	0.323770999908
139	19786	needles3	100	3.0	0.14159265358979312	0.225009918213
140	35704	needles3	100	3.0	0.14159265358979312	0.318232059479
141	34971	needles3	100	3.09278350515	0.048809148439793226	0.32999587059
142	12061	needles3	100	3.0	0.14159265358979312	0.334362983704
143	40889	needles3	100	3.0	0.14159265358979312	0.223886966705
144	2329	needles3	100	3.09278350515	0.048809148439793226	0.327311992645
145	11905	needles3	100	3.0	0.14159265358979312	0.228497982025
146	64343	needles3	100	3.15789473684	0.016302083250206767	0.326088905334
147	31459	needles3	100	3.0	0.14159265358979312	0.32772898674
148	35614	needles3	100	3.0	0.14159265358979312	0.323976993561
149	13074	needles3	100	3.09278350515	0.048809148439793226	0.326536893845
150	33717	needles3	100	3.0	0.14159265358979312	0.325977087021
151	56279	needles3	100	3.0	0.14159265358979312	0.321599006653
152	60175	needles3	100	3.0612244898	0.080368163789793279	0.317838191986
153	50050	needles3	100	3.0	0.14159265358979312	0.318197011948
154	10949	needles3	100	3.1914893617	0.049896708110206855	0.32462310791
155	45895	needles3	100	3.0	0.14159265358979312	0.229418992996
156	62943	needles3	100	3.0	0.14159265358979312	0.332867145538
157	18439	needles3	100	3.0	0.14159265358979312	0.218729972839
158	8317	needles3	100	3.0	0.14159265358979312	0.326564073563
159	10536	needles3	100	3.0	0.14159265358979312	0.328441143036
160	42604	needles3	100	3.2967032967	0.15511064311020695	0.328022956848
161	3462	needles3	100	3.15789473684	0.016302083250206767	0.321031093597
162	31110	needles3	100	3.0	0.14159265358979312	0.332573890686
163	5478	needles3	100	3.0	0.14159265358979312	0.323162078857
164	4606	needles3	100	3.09278350515	0.048809148439793226	0.33118891716
165	10830	needles3	100	3.0	0.14159265358979312	0.32828783989
166	6766	needles3	100	3.0	0.14159265358979312	0.337196111679
167	10568	needles3	100	3.0	0.14159265358979312	0.22008395195
168	43595	needles3	100	3.0	0.14159265358979312	0.228268861771
169	52548	needles3	100	3.125	0.016592653589793116	0.330971002579
170	26868	needles3	100	3.2967032967	0.15511064311020695	0.342325210571
171	19288	needles3	100	3.0	0.14159265358979312	0.327688932419
172	27952	needles3	100	3.09278350515	0.048809148439793226	0.324795007706
173	47997	needles3	100	3.09278350515	0.048809148439793226	0.323266029358
174	43606	needles3	100	3.0	0.14159265358979312	0.321156024933
175	6302	needles3	100	3.0	0.14159265358979312	0.329590082169
176	34276	needles3	100	3.0	0.14159265358979312	0.314169883728
177	26928	needles3	100	3.09278350515	0.048809148439793226	0.326179981232
178	60543	needles3	100	3.22580645161	0.084213798020206898	0.331083059311
179	16673	needles3	100	3.0	0.14159265358979312	0.31325507164
180	33511	needles3	100	3.0	0.14159265358979312	0.331512928009
181	9332	needles3	100	3.125	0.016592653589793116	0.324126958847
182	19120	needles3	100	3.0	0.14159265358979312	0.321511030197
183	39567	needles3	100	3.09278350515	0.048809148439793226	0.314216136932
184	51412	needles3	100	3.0	0.14159265358979312	0.32147192955
185	43783	needles3	100	3.125	0.016592653589793116	0.318467140198
186	27740	needles3	100	3.0	0.14159265358979312	0.340582132339
187	3731	needles3	100	3.0	0.14159265358979312	0.32667183876
188	271	needles3	100	3.125	0.016592653589793116	0.222887992859
189	62313	needles3	100	3.09278350515	0.048809148439793226	0.327874898911
190	53464	needles3	100	3.0	0.14159265358979312	0.325990915298
191	51989	needles3	100	3.125	0.016592653589793116	0.314733028412
192	26712	needles3	100	3.0	0.14159265358979312	0.318857192993
193	9313	needles3	100	3.09278350515	0.048809148439793226	0.328319787979
194	22435	needles3	100	3.0	0.14159265358979312	0.341996908188
195	57253	needles3	100	3.0	0.14159265358979312	0.244417905807
196	45551	needles3	100	3.09278350515	0.048809148439793226	0.31419801712
197	39268	needles3	100	3.0	0.14159265358979312	0.316061973572
198	4509	needles3	100	3.94736842105	0.80577576746020707	0.322423934937
199	16864	needles3	100	3.0	0.14159265358979312	0.33168387413
200	59892	needles3	100	3.0612244898	0.080368163789793279	0.321214914322
201	52154	needles3	1000	3.14465408805	0.0030614344602066801	0.42031788826
202	32659	needles3	1000	3.10880829016	0.032784363429793295	0.533378124237
203	65500	needles3	1000	3.0303030303	0.1112896232897933	0.430219173431
204	52048	needles3	1000	3.08008213552	0.061510518069793019	0.433178901672
205	2653	needles3	1000	3.0549898167	0.086602836889793089	0.524649858475
206	32113	needles3	1000	3.0487804878	0.0928121657897929	0.448617935181
207	52499	needles3	1000	3.11526479751	0.026327856079793044	0.420625925064
208	23369	needles3	1000	3.10237849018	0.039214163409793112	0.432952880859
209	54372	needles3	1000	3.06748466258	0.074107991009793039	0.428046226501
210	45426	needles3	1000	3.00902708124	0.13256557234979294	0.425402879715
211	40716	needles3	1000	3.10559006211	0.036002591479793011	0.445688009262
212	25142	needles3	1000	3.0	0.14159265358979312	0.42421913147
213	17114	needles3	1000	3.0487804878	0.0928121657897929	0.416335105896
214	61551	needles3	1000	3.0	0.14159265358979312	0.430135965347
215	59996	needles3	1000	3.0	0.14159265358979312	0.530961036682
216	20173	needles3	1000	3.01810865191	0.12348400167979312	0.429129123688
217	44696	needles3	1000	3.0487804878	0.0928121657897929	0.424175024033
218	42326	needles3	1000	3.0959752322	0.0456174213897933	0.439069986343
219	44008	needles3	1000	3.08008213552	0.061510518069793019	0.419457197189
220	38974	needles3	1000	3.0	0.14159265358979312	0.426847934723
221	46697	needles3	1000	3.08008213552	0.061510518069793019	0.437039852142
222	42246	needles3	1000	3.10559006211	0.036002591479793011	0.417109966278
223	58279	needles3	1000	3.14795383001	0.0063611764202069487	0.426599025726
224	41354	needles3	1000	3.0612244898	0.080368163789793279	0.426321983337
225	36753	needles3	1000	3.02114803625	0.12044461733979306	0.420428991318
226	34458	needles3	1000	3.10880829016	0.032784363429793295	0.430650949478
227	40000	needles3	1000	3.00601202405	0.13558062953979322	0.533629894257
228	64355	needles3	1000	3.02114803625	0.12044461733979306	0.418350934982
229	7799	needles3	1000	3.0487804878	0.0928121657897929	0.518710136414
230	20010	needles3	1000	3.0	0.14159265358979312	0.522222042084
231	3698	needles3	1000	3.04568527919	0.095907374399792911	0.433313131332
232	16963	needles3	1000	3.0	0.14159265358979312	0.424503087997
233	8995	needles3	1000	3.04259634888	0.098996304709793037	0.531527042389
234	60603	needles3	1000	3.0518819939	0.089710659689793193	0.430015087128
235	35627	needles3	1000	3.01204819277	0.12954446081979309	0.538029909134
236	22566	needles3	1000	3.0303030303	0.1112896232897933	0.424130916595
237	16755	needles3	1000	3.10880829016	0.032784363429793295	0.435027122498
238	55454	needles3	1000	3.10237849018	0.039214163409793112	0.429191112518
239	51964	needles3	1000	3.00902708124	0.13256557234979294	0.534909009933
240	19960	needles3	1000	3.09917355372	0.042419099869793087	0.526382923126
241	31979	needles3	1000	3.0612244898	0.080368163789793279	0.421009063721
242	36208	needles3	1000	3.03336703741	0.10822561617979298	0.42093205452
243	58706	needles3	1000	3.2154340836	0.073841430010206821	0.433782100677
244	12306	needles3	1000	3.02724520686	0.11434744672979313	0.415963172913
245	58000	needles3	1000	3.07692307692	0.064669576669793116	0.417695999146
246	1567	needles3	1000	3.09917355372	0.042419099869793087	0.42898106575
247	26827	needles3	1000	3.11526479751	0.026327856079793044	0.42896604538
248	29457	needles3	1000	3.0	0.14159265358979312	0.430896997452
249	43482	needles3	1000	3.06748466258	0.074107991009793039	0.42817401886
250	55951	needles3	1000	3.01204819277	0.12954446081979309	0.424762010574
251	12771	needles3	1000	3.02114803625	0.12044461733979306	0.437230825424
252	62836	needles3	1000	3.0	0.14159265358979312	0.423680067062
253	29009	needles3	1000	3.00601202405	0.13558062953979322	0.429919958115
254	55696	needles3	1000	3.0518819939	0.089710659689793193	0.441162109375
255	44418	needles3	1000	3.09917355372	0.042419099869793087	0.422885894775
256	33328	needles3	1000	3.0	0.14159265358979312	0.417397022247
257	41718	needles3	1000	3.0518819939	0.089710659689793193	0.424133062363
258	174	needles3	1000	3.06435137896	0.077241274629793022	0.416420936584
259	6445	needles3	1000	3.01507537688	0.12651727670979307	0.430780887604
260	15198	needles3	1000	3.03643724696	0.10515540662979328	0.425045967102
261	9969	needles3	1000	3.16455696203	0.022964308440206693	0.536361932755
262	58347	needles3	1000	3.10880829016	0.032784363429793295	0.422973155975
263	36502	needles3	1000	3.06748466258	0.074107991009793039	0.435894012451
264	53241	needles3	1000	3.09278350515	0.048809148439793226	0.436392068863
265	13991	needles3	1000	3.17796610169	0.036373448100206929	0.420747995377
266	63029	needles3	1000	3.0487804878	0.0928121657897929	0.433281898499
267	9321	needles3	1000	3.02419354839	0.11739910519979313	0.426857948303
268	33076	needles3	1000	3.05810397554	0.083488678049793208	0.41473698616
269	62118	needles3	1000	3.10880829016	0.032784363429793295	0.444103002548
270	37968	needles3	1000	3.0612244898	0.080368163789793279	0.521082162857
271	4472	needles3	1000	3.09917355372	0.042419099869793087	0.419963121414
272	52999	needles3	1000	3.01810865191	0.12348400167979312	0.437926054001
273	54982	needles3	1000	3.0737704918	0.067822161789793167	0.420663833618
274	55836	needles3	1000	3.00902708124	0.13256557234979294	0.419998168945
275	8274	needles3	1000	3.06748466258	0.074107991009793039	0.43040895462
276	1707	needles3	1000	3.00601202405	0.13558062953979322	0.520373821259
277	40497	needles3	1000	3.04259634888	0.098996304709793037	0.423062086105
278	19403	needles3	1000	3.0487804878	0.0928121657897929	0.425369024277
279	20280	needles3	1000	3.0737704918	0.067822161789793167	0.433388948441
280	59177	needles3	1000	3.0487804878	0.0928121657897929	0.424051046371
281	35345	needles3	1000	3.16455696203	0.022964308440206693	0.438750982285
282	3541	needles3	1000	3.0518819939	0.089710659689793193	0.432939052582
283	31835	needles3	1000	3.06435137896	0.077241274629793022	0.439871072769
284	51460	needles3	1000	3.06748466258	0.074107991009793039	0.432860136032
285	61849	needles3	1000	3.11526479751	0.026327856079793044	0.445732116699
286	23560	needles3	1000	3.0487804878	0.0928121657897929	0.442376852036
287	55971	needles3	1000	3.0487804878	0.0928121657897929	0.43331694603
288	45190	needles3	1000	3.0	0.14159265358979312	0.423232078552
289	52903	needles3	1000	3.0	0.14159265358979312	0.437343120575
290	32312	needles3	1000	3.04259634888	0.098996304709793037	0.437852144241
291	43571	needles3	1000	3.14136125654	0.00023139704979291409	0.440771818161
292	27690	needles3	1000	3.05810397554	0.083488678049793208	0.456856012344
293	35769	needles3	1000	3.0	0.14159265358979312	0.450560808182
294	43610	needles3	1000	3.0518819939	0.089710659689793193	0.460857868195
295	56165	needles3	1000	3.05810397554	0.083488678049793208	0.545371055603
296	6911	needles3	1000	3.0487804878	0.0928121657897929	0.474555015564
297	55623	needles3	1000	3.01810865191	0.12348400167979312	0.547560930252
298	37406	needles3	1000	3.0	0.14159265358979312	0.448791980743
299	22080	needles3	1000	3.0612244898	0.080368163789793279	0.455462932587
300	29558	needles3	1000	3.0518819939	0.089710659689793193	0.461810112
301	40406	needles3	10000	3.08864408525	0.052948568339793223	1.40164113045
302	3346	needles3	10000	3.06968177632	0.071910877269793172	1.29921197891
303	48814	needles3	10000	3.08356460068	0.058028052909793182	1.36442089081
304	36617	needles3	10000	3.08039839819	0.061194255399793285	1.38811016083
305	33609	needles3	10000	3.05530094714	0.086291706449793004	1.38797211647
306	57848	needles3	10000	3.06717104591	0.074421607679793222	1.42122006416
307	44193	needles3	10000	3.09182726992	0.049765383669793106	1.31330919266
308	1673	needles3	10000	3.0908716258	0.050721027789792927	1.2822060585
309	7333	needles3	10000	3.09342132398	0.048171329609793201	1.31730985641
310	923	needles3	10000	3.07850179579	0.063090857799793287	1.27489113808
311	27345	needles3	10000	3.04290495994	0.098687693649793129	1.38514399529
312	16147	needles3	10000	3.03152789006	0.11006476352979311	1.27968811989
313	43823	needles3	10000	3.05467874962	0.08691390396979326	1.42736816406
314	23348	needles3	10000	3.0637254902	0.077867163389793159	1.39659190178
315	45418	needles3	10000	3.08610225285	0.055490400739793166	1.31177401543
316	55201	needles3	10000	3.05436774588	0.087224907709793076	1.43339896202
317	59081	needles3	10000	3.09119010819	0.050402545399792942	1.39007306099
318	833	needles3	10000	3.06717104591	0.074421607679793222	1.42055010796
319	4969	needles3	10000	3.06466441925	0.076928234339793011	1.29471802711
320	11925	needles3	10000	3.03828235771	0.10331029587979312	1.30774497986
321	2244	needles3	10000	3.08419862239	0.057394031199792916	1.31687998772
322	65133	needles3	10000	3.0565461029	0.085046550689793055	1.38040709496
323	56289	needles3	10000	3.08008213552	0.061510518069793019	1.3865981102
324	31804	needles3	10000	3.06999590667	0.071596746919793119	1.2841899395
325	52980	needles3	10000	3.08388157895	0.057711074639793303	1.30418491364
326	19555	needles3	10000	3.07881773399	0.062774919599793311	1.51668906212
327	56392	needles3	10000	3.07787011388	0.063722539709793136	1.37864804268
328	44224	needles3	10000	3.05966343702	0.081929216569792906	1.41014504433
329	40831	needles3	10000	3.07818592243	0.063406731159793228	1.39681005478
330	33928	needles3	10000	3.10623317457	0.035359479019793305	1.42648100853
331	31599	needles3	10000	3.09501702259	0.046575630999793116	1.51735305786
332	57056	needles3	10000	3.07566126717	0.065931386419793014	1.39812302589
333	31443	needles3	10000	3.0744004919	0.067192161689793029	1.28989005089
334	34494	needles3	10000	3.06529069173	0.076301961859793099	1.40608596802
335	3676	needles3	10000	3.06216188629	0.079430767299792926	1.39253807068
336	45724	needles3	10000	3.07503075031	0.066561903279793277	1.40663409233
337	20230	needles3	10000	3.08293083958	0.058661814009793201	1.4290869236
338	54917	needles3	10000	3.06403840261	0.077554250979793071	1.31737494469
339	43204	needles3	10000	3.0612244898	0.080368163789793279	1.39296102524
340	23507	needles3	10000	3.07723869115	0.0643539624397933	1.31492805481
341	41782	needles3	10000	3.07408545958	0.067507194009793103	1.31340289116
342	43053	needles3	10000	3.06153689152	0.080055762069793257	1.30748319626
343	27783	needles3	10000	3.04444895474	0.097143698849793125	1.47725605965
344	7964	needles3	10000	3.06905370844	0.07253894514979331	1.39162111282
345	26349	needles3	10000	3.06717104591	0.074421607679793222	1.3838429451
346	27544	needles3	10000	3.03551553172	0.1060771218697929	1.2972137928
347	44461	needles3	10000	3.06028766704	0.081304986549793234	1.42644381523
348	15165	needles3	10000	3.05436774588	0.087224907709793076	1.41296815872
349	55477	needles3	10000	3.10398344542	0.037609208169793185	1.3828830719
350	58244	needles3	10000	3.06654400491	0.075048648679793217	1.29296708107
351	60028	needles3	10000	3.11915159077	0.022441062819793078	1.45866513252
352	42550	needles3	10000	3.07913373704	0.062458916549793297	1.32755994797
353	13575	needles3	10000	3.1017369727	0.039855680889793188	1.36919307709
354	19012	needles3	10000	3.10013433915	0.041458314439793309	1.389316082
355	25458	needles3	10000	3.0612244898	0.080368163789793279	1.314412117
356	37065	needles3	10000	3.05561214097	0.085980512619793004	1.40505313873
357	11356	needles3	10000	3.04444895474	0.097143698849793125	1.39813709259
358	18930	needles3	10000	3.09342132398	0.048171329609793201	1.39019393921
359	42624	needles3	10000	3.11817898347	0.023413670119793117	1.41062903404
360	18568	needles3	10000	3.08896210873	0.052630544859793016	1.39074993134
361	46722	needles3	10000	3.08419862239	0.057394031199792916	1.40310096741
362	56046	needles3	10000	3.04444895474	0.097143698849793125	1.3131070137
363	39423	needles3	10000	3.07944980497	0.062142848619793245	1.36498498917
364	7522	needles3	10000	3.09150865622	0.050083997369793298	1.41070890427
365	60452	needles3	10000	3.07156752329	0.070025130299792959	1.39533996582
366	22100	needles3	10000	3.06278713629	0.078805517299793237	1.39076781273
367	46775	needles3	10000	3.07251126587	0.06908138771979333	1.42547607422
368	32070	needles3	10000	3.07755437013	0.064038283459793011	1.40748095512
369	55119	needles3	10000	3.06153689152	0.080055762069793257	1.40590596199
370	13023	needles3	10000	3.06717104591	0.074421607679793222	1.30678391457
371	30664	needles3	10000	3.06309985706	0.078492796529793019	1.37094378471
372	12857	needles3	10000	3.09023485785	0.051357795739793044	1.38416409492
373	49508	needles3	10000	3.10366232154	0.037930332049793236	1.29715299606
374	14419	needles3	10000	3.0534351145	0.088157539089793069	1.40563106537
375	55192	needles3	10000	3.08261405672	0.058978596869792899	1.50474309921
376	56212	needles3	10000	3.08546744832	0.056125205269792922	1.38666009903
377	16149	needles3	10000	3.07503075031	0.066561903279793277	1.3774471283
378	16614	needles3	10000	3.06779834339	0.073794310199793323	1.47081899643
379	1384	needles3	10000	3.02419354839	0.11739910519979313	1.37033987045
380	18187	needles3	10000	3.05530094714	0.086291706449793004	1.30434203148
381	4380	needles3	10000	3.06842589751	0.073166756079793061	1.27636218071
382	47237	needles3	10000	3.09821336363	0.043379289959792899	1.31449198723
383	22636	needles3	10000	3.05872756933	0.082865084259793331	1.29622507095
384	41982	needles3	10000	3.05157155935	0.090021094239792987	1.43557310104
385	3363	needles3	10000	3.12793243666	0.013660216929793023	1.38887500763
386	57891	needles3	10000	3.08071472582	0.060877927769793061	1.3855650425
387	27466	needles3	10000	3.09246469436	0.049127959229793294	1.28989601135
388	32984	needles3	10000	3.05436774588	0.087224907709793076	1.40253305435
389	6608	needles3	10000	3.08991657225	0.051676081339793178	1.39395689964
390	30483	needles3	10000	3.06028766704	0.081304986549793234	1.30105113983
391	40227	needles3	10000	3.08388157895	0.057711074639793303	1.4286339283
392	35417	needles3	10000	3.06153689152	0.080055762069793257	1.38619303703
393	38760	needles3	10000	3.0744004919	0.067192161689793029	1.30945110321
394	43794	needles3	10000	3.07408545958	0.067507194009793103	1.29985904694
395	64625	needles3	10000	3.0637254902	0.077867163389793159	1.27512907982
396	37891	needles3	10000	3.04506699147	0.096525662119792965	1.37927985191
397	5932	needles3	10000	3.05592339819	0.085669255399793087	1.39834094048
398	26424	needles3	10000	3.07282597562	0.068766677969793299	1.49503517151
399	50353	needles3	10000	3.09469775119	0.046894902399793104	1.39525794983
400	20416	needles3	10000	3.08737264588	0.054220007709793183	1.36722707748
401	19437	needles3	100000	3.07370750599	0.06788514759979325	10.364661932
402	4034	needles3	100000	3.06673209028	0.074860563309793182	10.6383550167
403	31456	needles3	100000	3.06644997087	0.075142682719793186	10.9635448456
404	32536	needles3	100000	3.06682614163	0.074766511959793114	9.6955139637
405	62473	needles3	100000	3.07103299313	0.070559660459792894	9.51676797867
406	24533	needles3	100000	3.05604791883	0.085544734759793073	9.49091815948
407	57634	needles3	100000	3.07499923125	0.06659342233979304	10.8499770164
408	55447	needles3	100000	3.06081846286	0.080774190729793194	9.89478302002
409	48673	needles3	100000	3.06789246014	0.073700193449793172	9.88510990143
410	14969	needles3	100000	3.07679684936	0.064795804229793141	10.6785130501
411	1737	needles3	100000	3.06949332897	0.072099324619792959	10.7709228992
412	61956	needles3	100000	3.06469572679	0.076896926799792986	10.1205439568
413	31389	needles3	100000	3.06795520785	0.07363744573979325	9.63335800171
414	40076	needles3	100000	3.06453919546	0.077053458129793029	9.72956585884
415	7145	needles3	100000	3.06269333252	0.078899321069793249	11.0501201153
416	7114	needles3	100000	3.07562973519	0.065962918399792958	10.0227789879
417	2273	needles3	100000	3.0622243998	0.079368253789793286	9.64874386787
418	43992	needles3	100000	3.07295187757	0.068640776019793126	9.74632406235
419	35883	needles3	100000	3.06798658267	0.073606070919792987	10.3760480881
420	16520	needles3	100000	3.07818592243	0.063406731159793228	9.76917791367
421	49595	needles3	100000	3.07386497536	0.067727678229793309	10.3148560524
422	35438	needles3	100000	3.07768065985	0.063911993739793171	9.33973288536
423	6265	needles3	100000	3.07452652292	0.067066130669793278	9.70987987518
424	11741	needles3	100000	3.06899091579	0.072601737799792954	10.0300130844
425	38098	needles3	100000	3.06764149496	0.073951158629792957	9.91401791573
426	38801	needles3	100000	3.06550994758	0.076082706009793277	10.60039711
427	57626	needles3	100000	3.06153689152	0.080055762069793257	9.93145799637
428	61024	needles3	100000	3.06482096338	0.076771690209793242	9.62010598183
429	57067	needles3	100000	3.07034152432	0.071251129269793267	11.0558421612
430	65201	needles3	100000	3.06638728471	0.0752053688797929	10.1104280949
431	59695	needles3	100000	3.0599755202	0.08161713338979304	10.6531419754
432	19751	needles3	100000	3.05835338254	0.083239271049793118	9.94547390938
433	39037	needles3	100000	3.07320371243	0.068388941159793326	9.57200908661
434	62224	needles3	100000	3.0656665781	0.075926075489793021	9.62114596367
435	24053	needles3	100000	3.06911650366	0.07247614992979301	9.62783694267
436	26410	needles3	100000	3.06535333306	0.076239320529793098	9.8922829628
437	2893	needles3	100000	3.06955614218	0.072036511409792947	9.78690004349
438	63300	needles3	100000	3.06990166082	0.071690992769793294	9.79964089394
439	15433	needles3	100000	3.06616790335	0.075424750239793337	10.2298159599
440	2353	needles3	100000	3.07062436029	0.070968293299793039	10.0459620953
441	42306	needles3	100000	3.07499923125	0.06659342233979304	9.66559696198
442	59793	needles3	100000	3.06826898491	0.073323668679793119	10.6530528069
443	47630	needles3	100000	3.07802801005	0.063564643539792964	10.8499879837
444	332	needles3	100000	3.07408545958	0.067507194009793103	10.1290910244
445	33839	needles3	100000	3.07175622543	0.069836428159792963	9.85070586205
446	54818	needles3	100000	3.06648131491	0.075111338679793249	9.66308188438
447	5246	needles3	100000	3.06626192009	0.075330733499793023	10.9363260269
448	11573	needles3	100000	3.05331080668	0.088281846909793238	11.115267992
449	64584	needles3	100000	3.0656665781	0.075926075489793021	9.74354505539
450	12218	needles3	100000	3.05455434052	0.087038313069792927	10.6554350853
451	39276	needles3	100000	3.06826898491	0.073323668679793119	11.1480569839
452	15963	needles3	100000	3.05885231861	0.082740334979793051	10.7211849689
453	1177	needles3	100000	3.07043579719	0.071156856399793078	9.84114098549
454	11153	needles3	100000	3.06313113264	0.078461520949792973	10.9771981239
455	16057	needles3	100000	3.06131820362	0.08027444996979316	10.7943589687
456	26435	needles3	100000	3.0753144509	0.066278202689793009	9.9840130806
457	2510	needles3	100000	3.06735920821	0.074233445379793039	9.5266289711
458	55596	needles3	100000	3.07027867896	0.071313974629793275	9.75987911224
459	33369	needles3	100000	3.07282597562	0.068766677969793299	9.73083496094
460	6473	needles3	100000	3.06360034312	0.077992310469793047	9.90323996544
461	19287	needles3	100000	3.06980742075	0.07178523283979299	10.7302660942
462	21756	needles3	100000	3.07736495497	0.064227698619792939	10.1210999489
463	12330	needles3	100000	3.06259953448	0.078993119109793231	10.8740069866
464	58332	needles3	100000	3.06331879959	0.078273853999792919	11.1192920208
465	44347	needles3	100000	3.07332964534	0.068263008249793256	9.8460149765
466	59973	needles3	100000	3.07506227001	0.066530383579793018	9.66859102249
467	50719	needles3	100000	3.06128696504	0.080305688549793253	10.9017150402
468	39425	needles3	100000	3.0622243998	0.079368253789793286	9.59099316597
469	27590	needles3	100000	3.07122162959	0.070371023999793003	10.1118500233
470	43055	needles3	100000	3.07380198568	0.067790667909793267	10.3348970413
471	26936	needles3	100000	3.06848866705	0.073103986539793109	11.2196950912
472	38852	needles3	100000	3.05748063596	0.084112017629792923	10.3235340118
473	26570	needles3	100000	3.0744004919	0.067192161689793029	9.6605091095
474	30831	needles3	100000	3.07850179579	0.063090857799793287	9.55091714859
475	54105	needles3	100000	3.06588588773	0.07570676585979319	9.84608888626
476	60817	needles3	100000	3.06889673162	0.072695921969792909	9.97192597389
477	22670	needles3	100000	3.06811208836	0.073480565229793182	10.761259079
478	31399	needles3	100000	3.07317223082	0.068420422769793099	10.5265369415
479	25103	needles3	100000	3.05916423633	0.082428417259793108	10.9351069927
480	48080	needles3	100000	3.06613656572	0.075456087869793187	9.88414597511
481	16149	needles3	100000	3.06535333306	0.076239320529793098	9.83655810356
482	16614	needles3	100000	3.07805959123	0.063533062359792947	10.4193630219
483	1384	needles3	100000	3.06094338275	0.080649270839793008	9.59436106682
484	18187	needles3	100000	3.05907065434	0.082521999249792977	10.6799800396
485	4380	needles3	100000	3.07332964534	0.068263008249793256	9.89889001846
486	47237	needles3	100000	3.07556667316	0.06602598042979313	9.80963993073
487	22636	needles3	100000	3.0655412724	0.076051381189793155	9.8770198822
488	41982	needles3	100000	3.06056865366	0.081023999929793256	10.8655250072
489	3363	needles3	100000	3.07301483242	0.068577821169792941	9.70396304131
490	57891	needles3	100000	3.06852005278	0.073072600809793276	9.35762500763
491	27466	needles3	100000	3.06031888523	0.081273768359793053	9.79967308044
492	32984	needles3	100000	3.06698290668	0.074609746909793273	10.5626349449
493	6608	needles3	100000	3.06726512417	0.074327529419793148	10.7456510067
494	30483	needles3	100000	3.0655412724	0.076051381189793155	10.7914838791
495	40227	needles3	100000	3.06616790335	0.075424750239793337	9.73627018929
496	35417	needles3	100000	3.06880255324	0.072790100349793274	10.7852799892
497	38760	needles3	100000	3.05822867395	0.08336397963979314	10.8905959129
498	43794	needles3	100000	3.06980742075	0.07178523283979299	10.5833098888
499	64625	needles3	100000	3.06789246014	0.073700193449793172	9.76817202568
500	37891	needles3	100000	3.07455803228	0.067034621309792985	9.45512604713
501	5932	needles3	1000000	3.07087895721	0.070713696379792967	94.2537639141
502	26424	needles3	1000000	3.06662864047	0.074964013119793282	106.078248024
503	50353	needles3	1000000	3.06761326395	0.073979389639793336	108.201116085
504	20416	needles3	1000000	3.07016870577	0.07142394781979311	93.6091961861
505	19437	needles3	1000000	3.07191664047	0.069676013119793101	90.6221489906
506	4034	needles3	1000000	3.06742193411	0.074170719479793146	103.225885153
507	31456	needles3	1000000	3.0662180449	0.075374608689793288	104.254057169
508	32536	needles3	1000000	3.06656594701	0.075026706579793156	95.0191650391
509	62473	needles3	1000000	3.0657480323	0.075844621289792968	92.3417780399
510	24533	needles3	1000000	3.06667879709	0.074913856499793319	96.3562259674
511	57634	needles3	1000000	3.07219032834	0.069402325249793062	95.7765381336
512	55447	needles3	1000000	3.06600182121	0.075590832379793138	102.786115885
513	48673	needles3	1000000	3.06839451371	0.073198139879793178	97.4168181419
514	14969	needles3	1000000	3.0685859649	0.073006688689793098	93.385228157
515	1737	needles3	1000000	3.06804619659	0.073546456999793008	92.0977277756
516	61956	needles3	1000000	3.06764463178	0.073948021809793207	92.9419138432
517	31389	needles3	1000000	3.0705992172	0.070993436389793274	91.2622351646
518	40076	needles3	1000000	3.0653940513	0.076198602289792916	103.314869165
519	7145	needles3	1000000	3.06804933423	0.073543319359793191	105.928030014
520	7114	needles3	1000000	3.06720240469	0.074390248899792955	93.9313941002
521	2273	needles3	1000000	3.06616476956	0.07542788402979328	98.4823081493
522	43992	needles3	1000000	3.07068407676	0.070908576829793013	93.2004861832
523	35883	needles3	1000000	3.06828467545	0.073307978139792951	93.716668129
524	16520	needles3	1000000	3.07142915646	0.070163497129793306	102.679322958
525	49595	needles3	1000000	3.06802737089	0.073565282699793233	106.204547167
526	35438	needles3	1000000	3.06846042044	0.073132233149793002	102.360519886
527	6265	needles3	1000000	3.06856713258	0.073025521009792982	100.964349031
528	11741	needles3	1000000	3.06708951607	0.074503137519793317	92.3816711903
529	38098	needles3	1000000	3.06995820764	0.071634445949793069	92.8390541077
530	38801	needles3	1000000	3.07000847322	0.071584180369792971	93.3819479942
531	57626	needles3	1000000	3.06998334022	0.071609313369793259	91.7294900417
532	61024	needles3	1000000	3.06781716628	0.073775487309793331	95.2525780201
533	57067	needles3	1000000	3.06637474779	0.075217905799793261	95.8536119461
534	65201	needles3	1000000	3.06908824549	0.072504408099792972	94.1405241489
535	59695	needles3	1000000	3.06523744862	0.076355204969793089	91.9284250736
536	19751	needles3	1000000	3.06494621019	0.076646443399793096	99.48691082
537	39037	needles3	1000000	3.06836940713	0.073223246459793057	95.2950861454
538	62224	needles3	1000000	3.06938341203	0.072209241559793025	102.380877018
539	24053	needles3	1000000	3.06936142959	0.072231223999793315	104.041213989
540	26410	needles3	1000000	3.06718045347	0.074412200119793326	103.11418891
541	2893	needles3	1000000	3.06828781358	0.073304840009793093	103.91092515
542	63300	needles3	1000000	3.07239798615	0.069194667439793189	94.989565134
543	15433	needles3	1000000	3.07016556379	0.071427089799793286	99.208193779
544	2353	needles3	1000000	3.07022840453	0.071364249059793217	92.5590648651
545	42306	needles3	1000000	3.07061807448	0.070974579109793101	93.7210071087
546	59793	needles3	1000000	3.06962838056	0.071964273029792913	91.7585630417
547	47630	needles3	1000000	3.0717216283	0.069871025289792943	93.3017411232
548	332	needles3	1000000	3.07154865435	0.070043999239793209	97.6505470276
549	33839	needles3	1000000	3.07090410488	0.070688548709793242	94.7070429325
550	54818	needles3	1000000	3.0691384826	0.07245417098979301	92.1436228752
551	5246	needles3	1000000	3.06957498665	0.072017666939792946	103.328545094
552	11573	needles3	1000000	3.06704561719	0.074547036399793321	91.8460099697
553	64584	needles3	1000000	3.06949961017	0.072093043419793279	89.4147469997
554	12218	needles3	1000000	3.06793010846	0.073662545129792978	93.3434610367
555	39276	needles3	1000000	3.06634654009	0.075246113499793044	102.848054171
556	15963	needles3	1000000	3.0664938527	0.07509880088979326	101.904210091
557	1177	needles3	1000000	3.0642480897	0.077344563889793161	95.7876908779
558	11153	needles3	1000000	3.06653773579	0.07505491779979323	102.848953962
559	16057	needles3	1000000	3.06878057912	0.07281207446979332	94.6956040859
560	26435	needles3	1000000	3.06720240469	0.074390248899792955	102.949609995
561	2510	needles3	1000000	3.06757876008	0.074013893509793149	92.6572670937
562	55596	needles3	1000000	3.06564464887	0.075948004719792905	94.0933148861
563	33369	needles3	1000000	3.06940225437	0.0721903992197932	96.2057180405
564	6473	needles3	1000000	3.06676657511	0.074826078479793168	102.397531033
565	19287	needles3	1000000	3.06998019863	0.071612454959792959	92.1119289398
566	21756	needles3	1000000	3.06793638327	0.073656270319792938	91.4139328003
567	12330	needles3	1000000	3.06639041896	0.075202234629792919	92.0260229111
568	58332	needles3	1000000	3.06507146725	0.07652118633979299	94.2078549862
569	44347	needles3	1000000	3.06835371573	0.073238937859793296	104.042623997
570	59973	needles3	1000000	3.0683191952	0.073273458389793156	104.681952
571	50719	needles3	1000000	3.06765090542	0.073941748169793264	96.0613460541
572	39425	needles3	1000000	3.07006816575	0.071524487839793149	94.0231699944
573	27590	needles3	1000000	3.06528755973	0.076305093859792894	95.7985670567
574	43055	needles3	1000000	3.06913534273	0.072457310859793012	103.541157961
575	26936	needles3	1000000	3.06846042044	0.073132233149793002	93.9424831867
576	38852	needles3	1000000	3.0685859649	0.073006688689793098	93.4744329453
577	26570	needles3	1000000	3.06940539479	0.072187258799793153	91.1596519947
578	30831	needles3	1000000	3.06748152609	0.074111127499793206	91.4148139954
579	54105	needles3	1000000	3.07004617349	0.07154648009979292	94.288736105
580	60817	needles3	1000000	3.06638415047	0.075208503119793324	92.0264649391
581	22670	needles3	1000000	3.06770109548	0.073891558109793198	89.8668339252
582	31399	needles3	1000000	3.07017184775	0.071420805839792934	102.553350925
583	25103	needles3	1000000	3.06955614218	0.072036511409792947	94.485352993
584	48080	needles3	1000000	3.07080351668	0.070789136909793271	93.869959116
585	16149	needles3	1000000	3.07101727447	0.070575379119793169	95.5985150337
586	16614	needles3	1000000	3.07032895504	0.071263698549793197	94.7362539768
587	1384	needles3	1000000	3.06790500948	0.073687644109793116	94.4983780384
588	18187	needles3	1000000	3.0696911993	0.071901454289793332	103.322719812
589	4380	needles3	1000000	3.06840079042	0.073191863169792981	90.2360599041
590	47237	needles3	1000000	3.06707697341	0.074515680179793264	95.3295371532
591	22636	needles3	1000000	3.06609582776	0.075496825829793224	92.6675200462
592	41982	needles3	1000000	3.06998334022	0.071609313369793259	95.9442081451
593	3363	needles3	1000000	3.06856085519	0.073031798399793235	91.7868211269
594	57891	needles3	1000000	3.06967549437	0.071917159219792914	96.1510930061
595	27466	needles3	1000000	3.06698917762	0.074603475969793109	91.8260118961
596	32984	needles3	1000000	3.07125307125	0.070339582339792983	92.9280259609
597	6608	needles3	1000000	3.06608329322	0.075509360369792944	91.4713819027
598	30483	needles3	1000000	3.06504954653	0.076543107059793059	91.1786930561
599	40227	needles3	1000000	3.06584515642	0.075747497169793121	91.1510460377
600	35417	needles3	1000000	3.06810267508	0.073489978509793108	90.3576729298
