sampleId	seedInit	solverName	signifDigits	piHat	OFtol	error	isCensored	cntProbe	runtime
1	12786	Needles_2	2	3.14285714286	0.005	0.00126448926735	False	22	0.0272
2	8356	Needles_2	2	3.14285714286	0.005	0.00126448926735	False	22	0.0244
3	59277	Needles_2	2	3.14634146341	0.005	0.00474880982484	False	43	0.044
4	52913	Needles_2	2	3.14285714286	0.005	0.00126448926735	False	22	0.0165
5	30036	Needles_3	2	3.14653561664	0.005	0.00494296305148	False	167	0.1103
6	22443	Needles_3	2	3.13775730544	0.005	0.00383534814525	False	553	0.3605
7	12109	Needles_3	2	3.14653561664	0.005	0.00494296305148	False	167	0.11
8	47229	Needles_2	2	3.14634146341	0.005	0.00474880982484	False	43	0.0284
9	26747	Needles_2	2	3.14634146341	0.005	0.00474880982484	False	43	0.0275
10	3688	Needles_2	2	3.14634146341	0.005	0.00474880982484	False	43	0.0297
11	62677	Needles_3	2	3.13699675108	0.005	0.00459590250806	False	692	0.517
12	2269	Needles_2	2	3.14285714286	0.005	0.00126448926735	False	22	0.0158
13	52228	Needles_3	2	3.14358801522	0.005	0.00199536163256	False	218	0.1404
14	16483	Needles_2	2	3.14563106796	0.005	0.00403841437137	False	108	0.0679
15	44696	Needles_3	2	3.13812555595	0.005	0.00346709764414	False	504	0.33
16	28619	Needles_3	2	3.13722729429	0.005	0.00436535929824	False	643	0.4202
17	13139	Needles_3	2	3.14653561664	0.005	0.00494296305148	False	167	0.1086
18	13051	Needles_2	2	3.14285714286	0.005	0.00126448926735	False	22	0.014
19	46145	Needles_2	2	3.14285714286	0.005	0.00126448926735	False	22	0.0141
20	32820	Needles_3	2	3.13938266282	0.005	0.00220999077162	False	387	0.2528
21	16195	Needles_2	2	3.14285714286	0.005	0.00126448926735	False	22	0.0145
22	1424	Needles_2	2	3.13846153846	0.005	0.00313111512825	False	68	0.0578
23	37233	Needles_2	2	3.14634146341	0.005	0.00474880982484	False	86	0.0532
24	20827	Needles_3	2	3.14117086395	0.005	0.00042178964469	False	291	0.1903
25	24859	Needles_2	2	3.14285714286	0.005	0.00126448926735	False	22	0.0171
26	43593	Needles_2	2	3.14285714286	0.005	0.00126448926735	False	22	0.013
27	54436	Needles_3	2	3.14289059791	0.005	0.00129794432197	False	235	0.1555
28	34706	Needles_3	2	3.14489436833	0.005	0.00330171473802	False	192	0.1283
29	35012	Needles_3	2	3.13734265059	0.005	0.00425000299893	False	621	0.4376
30	60501	Needles_3	2	3.14238795084	0.005	0.000795297246481	False	249	0.1634
31	25621	Needles_3	2	3.14653561664	0.005	0.00494296305148	False	167	0.1116
32	62878	Needles_2	2	3.14634146341	0.005	0.00474880982484	False	172	0.1068
33	29173	Needles_3	2	3.14653561664	0.005	0.00494296305148	False	167	0.1107
34	59201	Needles_2	2	3.14285714286	0.005	0.00126448926735	False	22	0.0129
35	26268	Needles_3	2	3.14653561664	0.005	0.00494296305148	False	167	0.1104
36	38827	Needles_2	2	3.14285714286	0.005	0.00126448926735	False	22	0.0135
37	62194	Needles_2	2	3.14634146341	0.005	0.00474880982484	False	43	0.0291
38	50869	Needles_3	2	3.14011362579	0.005	0.0014790278028	False	341	0.2232
39	39002	Needles_3	2	3.14653561664	0.005	0.00494296305148	False	167	0.1117
40	55304	Needles_3	2	3.13783417084	0.005	0.00375848274835	False	542	0.3507
41	37384	Needles_3	2	3.14653561664	0.005	0.00494296305148	False	167	0.1074
42	35641	Needles_2	2	3.14285714286	0.005	0.00126448926735	False	22	0.0144
43	41540	Needles_3	2	3.14653561664	0.005	0.00494296305148	False	167	0.1101
44	45568	Needles_2	2	3.14285714286	0.005	0.00126448926735	False	22	0.0144
45	6709	Needles_3	2	3.14653561664	0.005	0.00494296305148	False	167	0.1099
46	10955	Needles_3	2	3.14653561664	0.005	0.00494296305148	False	167	0.1093
47	42975	Needles_2	2	3.14634146341	0.005	0.00474880982484	False	43	0.0268
48	39325	Needles_3	2	3.14043639951	0.005	0.00115625408307	False	324	0.2086
49	6945	Needles_3	2	3.14653561664	0.005	0.00494296305148	False	167	0.1083
50	64247	Needles_2	2	3.14634146341	0.005	0.00474880982484	False	86	0.0557
51	28810	Needles_3	2	3.14653561664	0.005	0.00494296305148	False	167	0.1087
52	44049	Needles_3	2	3.14658616401	0.005	0.00499351041738	False	499	0.3261
53	31533	Needles_3	2	3.14653561664	0.005	0.00494296305148	False	167	0.1101
54	60473	Needles_3	2	3.13685508757	0.005	0.00473756601742	False	726	0.4778
55	33721	Needles_3	2	3.14653561664	0.005	0.00494296305148	False	167	0.1109
56	536	Needles_2	2	3.14285714286	0.005	0.00126448926735	False	22	0.013
57	56718	Needles_2	2	3.14516129032	0.005	0.00356863673279	False	65	0.0433
58	32408	Needles_3	2	3.14337182139	0.005	0.00177916780183	False	223	0.1442
59	8388	Needles_3	2	3.14658616401	0.005	0.00499351041738	False	499	0.3261
60	11612	Needles_2	2	3.14285714286	0.005	0.00126448926735	False	22	0.015
61	11003	Needles_3	2	3.14609828904	0.005	0.00450563545446	False	173	0.1134
62	14124	Needles_3	2	3.14093125459	0.005	0.000661399003054	False	301	0.1972
63	56955	Needles_2	2	3.14285714286	0.005	0.00126448926735	False	22	0.0135
64	22171	Needles_2	2	3.14285714286	0.005	0.00126448926735	False	22	0.0142
65	182	Needles_3	2	3.13750782575	0.005	0.00408482784073	False	592	0.3883
66	15890	Needles_3	2	3.13814211563	0.005	0.00345053796437	False	502	0.3274
67	53174	Needles_3	2	3.13756860378	0.005	0.00402404980976	False	582	0.3988
68	19104	Needles_3	2	3.14657348906	0.005	0.00498083547488	False	333	0.2141
69	40024	Needles_3	2	3.13679672552	0.005	0.00479592806652	False	741	0.4847
70	37219	Needles_2	2	3.14285714286	0.005	0.00126448926735	False	22	0.0138
71	40734	Needles_3	2	3.14653561664	0.005	0.00494296305148	False	167	0.1091
72	26418	Needles_2	2	3.14634146341	0.005	0.00474880982484	False	43	0.0283
73	13576	Needles_2	2	3.14117647059	0.005	0.000416183001558	False	89	0.0573
74	40819	Needles_3	2	3.13844531604	0.005	0.00314733755081	False	468	0.3031
75	55526	Needles_2	2	3.14285714286	0.005	0.00126448926735	False	22	0.0133
76	34740	Needles_2	2	3.14285714286	0.005	0.00126448926735	False	22	0.0153
77	57933	Needles_3	2	3.14653561664	0.005	0.00494296305148	False	167	0.1085
78	15564	Needles_2	2	3.14285714286	0.005	0.00126448926735	False	22	0.0136
79	23787	Needles_3	2	3.14653561664	0.005	0.00494296305148	False	167	0.1081
80	10950	Needles_2	2	3.14285714286	0.005	0.00126448926735	False	22	0.0133
81	60195	Needles_2	2	3.14285714286	0.005	0.00126448926735	False	22	0.0155
82	49088	Needles_3	2	3.14066397636	0.005	0.000928677232896	False	313	0.2037
83	41426	Needles_2	2	3.14285714286	0.005	0.00126448926735	False	22	0.0122
84	19770	Needles_3	2	3.14653561664	0.005	0.00494296305148	False	167	0.1088
85	5300	Needles_2	2	3.14285714286	0.005	0.00126448926735	False	22	0.0148
86	48011	Needles_2	2	3.14285714286	0.005	0.00126448926735	False	22	0.0176
87	5828	Needles_2	2	3.14285714286	0.005	0.00126448926735	False	22	0.0135
88	41199	Needles_2	2	3.14634146341	0.005	0.00474880982484	False	43	0.0267
89	62522	Needles_3	2	3.14653561664	0.005	0.00494296305148	False	167	0.1074
90	41543	Needles_3	2	3.14653561664	0.005	0.00494296305148	False	167	0.1091
91	21324	Needles_3	2	3.14653561664	0.005	0.00494296305148	False	167	0.1087
92	35903	Needles_3	2	3.1459592027	0.005	0.00436654911225	False	175	0.1154
93	20101	Needles_3	2	3.13668682001	0.005	0.00490583357829	False	771	0.5063
94	57240	Needles_3	2	3.14653561664	0.005	0.00494296305148	False	167	0.1097
95	36897	Needles_3	2	3.14653561664	0.005	0.00494296305148	False	167	0.1109
96	64696	Needles_3	2	3.14653561664	0.005	0.00494296305148	False	167	0.1088
97	14820	Needles_3	2	3.14653561664	0.005	0.00494296305148	False	167	0.11
98	41896	Needles_3	2	3.13978902033	0.005	0.00180363326251	False	360	0.2382
99	38940	Needles_2	2	3.14285714286	0.005	0.00126448926735	False	22	0.0135
100	12738	Needles_3	2	3.14653561664	0.005	0.00494296305148	False	167	0.1102
101	38541	Needles_3	3	3.14114048659	0.0005	0.000452166995057	False	3799	2.5207
102	38277	Needles_2	3	3.14201183432	0.0005	0.000419180729733	False	177	0.1142
103	56405	Needles_3	3	3.14206227259	0.0005	0.000469619003099	False	259	0.1728
104	15057	Needles_3	3	3.14206227259	0.0005	0.000469619003099	False	259	0.1714
105	28157	Needles_3	3	3.14177332433	0.0005	0.000180670735796	False	1880	1.2813
106	56033	Needles_2	3	3.14117647059	0.0005	0.000416183001558	False	89	0.0854
107	57404	Needles_3	3	3.14206227259	0.0005	0.000469619003099	False	259	0.171
108	48827	Needles_3	3	3.14127394313	0.0005	0.000318710463284	False	2869	1.961
109	56875	Needles_3	3	3.14206227259	0.0005	0.000469619003099	False	259	0.1714
110	7303	Needles_3	3	3.1420884463	0.0005	0.000495792713057	False	1549	1.0396
111	8619	Needles_3	3	3.14181933863	0.0005	0.00022668504433	False	1602	1.0592
112	8375	Needles_3	3	3.1416296392	0.0005	3.69856062656e-05	False	1368	0.9198
113	33224	Needles_2	3	3.14173228346	0.0005	0.000139629874774	False	133	0.0911
114	19580	Needles_3	3	3.14134865409	0.0005	0.000243999500783	False	284	0.1888
115	7980	Needles_3	3	3.14155504617	0.0005	3.76074179398e-05	False	1934	1.2996
116	1574	Needles_3	3	3.14145668424	0.0005	0.000135969352882	False	3079	2.0479
117	62280	Needles_3	3	3.14206227259	0.0005	0.000469619003099	False	259	0.1736
118	53527	Needles_3	3	3.14206227259	0.0005	0.000469619003099	False	259	0.1746
119	39654	Needles_3	3	3.14206227259	0.0005	0.000469619003099	False	259	0.1804
120	37533	Needles_3	3	3.14206227259	0.0005	0.000469619003099	False	259	0.1722
121	45981	Needles_3	3	3.14208319802	0.0005	0.000490544427102	False	775	0.5359
122	55398	Needles_2	3	3.14117647059	0.0005	0.000416183001558	False	89	0.057
123	47114	Needles_3	3	3.14122078025	0.0005	0.000371873336739	False	1156	0.7728
124	58269	Needles_3	3	3.14207795652	0.0005	0.000485302926261	False	517	0.3688
125	33561	Needles_3	3	3.14207795652	0.0005	0.000485302926261	False	517	0.3453
126	30220	Needles_2	3	3.14173228346	0.0005	0.000139629874774	False	133	0.0836
127	30883	Needles_3	3	3.14206227259	0.0005	0.000469619003099	False	259	0.199
128	7789	Needles_3	3	3.14209127512	0.0005	0.000498621528209	False	3355	2.2491
129	63202	Needles_2	3	3.14117647059	0.0005	0.000416183001558	False	89	0.0567
130	41114	Needles_2	3	3.14117647059	0.0005	0.000416183001558	False	89	0.0564
131	12660	Needles_2	3	3.14117647059	0.0005	0.000416183001558	False	89	0.0634
132	65071	Needles_3	3	3.14148112219	0.0005	0.000111531395272	False	279	0.1872
133	45733	Needles_3	3	3.14208319802	0.0005	0.000490544427102	False	775	0.516
134	16157	Needles_3	3	3.14207795652	0.0005	0.000485302926261	False	517	0.3437
135	37033	Needles_3	3	3.14206227259	0.0005	0.000469619003099	False	259	0.1735
136	5227	Needles_2	3	3.14117647059	0.0005	0.000416183001558	False	89	0.0595
137	16492	Needles_3	3	3.14206227259	0.0005	0.000469619003099	False	259	0.1731
138	46187	Needles_3	3	3.14206227259	0.0005	0.000469619003099	False	259	0.1717
139	29343	Needles_3	3	3.14208582131	0.0005	0.000493167721118	False	1033	0.6979
140	24243	Needles_3	3	3.14206227259	0.0005	0.000469619003099	False	259	0.1741
141	34005	Needles_2	3	3.14173228346	0.0005	0.000139629874774	False	133	0.0846
142	30581	Needles_3	3	3.14207795652	0.0005	0.000485302926261	False	517	0.362
143	1180	Needles_3	3	3.14206227259	0.0005	0.000469619003099	False	259	0.1941
144	21200	Needles_2	3	3.14150943396	0.0005	8.32196275291e-05	False	111	0.0723
145	52522	Needles_3	3	3.1412586743	0.0005	0.000333979288896	False	1150	0.7721
146	20231	Needles_2	3	3.14117647059	0.0005	0.000416183001558	False	89	0.06
147	6555	Needles_3	3	3.14208919661	0.0005	0.000496543022849	False	1807	1.2096
148	24518	Needles_2	3	3.14117647059	0.0005	0.000416183001558	False	89	0.058
149	5364	Needles_3	3	3.14208319802	0.0005	0.000490544427102	False	775	0.5148
150	21449	Needles_3	3	3.14206227259	0.0005	0.000469619003099	False	259	0.1716
151	33739	Needles_2	3	3.14136125654	0.0005	0.00023139704529	False	200	0.1267
152	50523	Needles_3	3	3.14208919661	0.0005	0.000496543022849	False	1807	1.198
153	63136	Needles_3	3	3.14207795652	0.0005	0.000485302926261	False	517	0.3456
154	32660	Needles_3	3	3.14149192554	0.0005	0.000100728047737	False	1393	0.9349
155	20511	Needles_2	3	3.14181818182	0.0005	0.000225528228389	False	288	0.1908
156	8993	Needles_3	3	3.14206227259	0.0005	0.000469619003099	False	259	0.172
157	48502	Needles_2	3	3.14150943396	0.0005	8.32196275291e-05	False	111	0.0685
158	19160	Needles_3	3	3.14207795652	0.0005	0.000485302926261	False	517	0.3447
159	49532	Needles_3	3	3.14208582131	0.0005	0.000493167721118	False	1033	0.6816
160	7058	Needles_3	3	3.14206227259	0.0005	0.000469619003099	False	259	0.1735
161	22826	Needles_3	3	3.1420884463	0.0005	0.000495792713057	False	1549	1.0335
162	48110	Needles_3	3	3.14141429852	0.0005	0.000178355068676	False	563	0.3758
163	53860	Needles_3	3	3.14206227259	0.0005	0.000469619003099	False	259	0.1724
164	11801	Needles_2	3	3.14117647059	0.0005	0.000416183001558	False	89	0.0585
165	16325	Needles_3	3	3.14208319802	0.0005	0.000490544427102	False	775	0.5162
166	11927	Needles_3	3	3.141364705	0.0005	0.000227948585768	False	3684	2.4438
167	61549	Needles_3	3	3.14207795652	0.0005	0.000485302926261	False	517	0.3398
168	24149	Needles_3	3	3.14207795652	0.0005	0.000485302926261	False	517	0.3418
169	59727	Needles_2	3	3.14150943396	0.0005	8.32196275291e-05	False	111	0.0729
170	40131	Needles_3	3	3.14206227259	0.0005	0.000469619003099	False	259	0.1745
171	12376	Needles_3	3	3.1420873961	0.0005	0.000494742512425	False	1291	0.8576
172	36089	Needles_3	3	3.14206227259	0.0005	0.000469619003099	False	259	0.1716
173	28479	Needles_3	3	3.14206227259	0.0005	0.000469619003099	False	259	0.1731
174	13942	Needles_2	3	3.14173228346	0.0005	0.000139629874774	False	133	0.0821
175	36215	Needles_3	3	3.14208582131	0.0005	0.000493167721118	False	1033	0.6775
176	28629	Needles_3	3	3.14206227259	0.0005	0.000469619003099	False	259	0.1708
177	13360	Needles_3	3	3.14206227259	0.0005	0.000469619003099	False	259	0.1726
178	53948	Needles_3	3	3.14206227259	0.0005	0.000469619003099	False	259	0.1722
179	21910	Needles_3	3	3.14182916914	0.0005	0.000236515548615	False	800	0.5332
180	32137	Needles_3	3	3.14159057336	0.0005	2.08022668469e-06	False	825	0.5466
181	43089	Needles_3	3	3.14206227259	0.0005	0.000469619003099	False	259	0.1721
182	19009	Needles_2	3	3.14181818182	0.0005	0.000225528228389	False	288	0.1851
183	60599	Needles_2	3	3.14150943396	0.0005	8.32196275291e-05	False	111	0.0723
184	42771	Needles_3	3	3.14208319802	0.0005	0.000490544427102	False	775	0.5178
185	11569	Needles_3	3	3.14206227259	0.0005	0.000469619003099	False	259	0.1748
186	45981	Needles_3	3	3.14208319802	0.0005	0.000490544427102	False	775	0.5162
187	49811	Needles_2	3	3.14117647059	0.0005	0.000416183001558	False	89	0.0616
188	29193	Needles_3	3	3.14161843669	0.0005	2.57831043431e-05	False	274	0.1827
189	12726	Needles_3	3	3.14208319802	0.0005	0.000490544427102	False	775	0.5222
190	33945	Needles_3	3	3.14206227259	0.0005	0.000469619003099	False	259	0.1755
191	16734	Needles_3	3	3.14207795652	0.0005	0.000485302926261	False	517	0.345
192	5543	Needles_3	3	3.14190870912	0.0005	0.00031605552758	False	264	0.1729
193	5498	Needles_3	3	3.1420873961	0.0005	0.000494742512425	False	1291	0.8579
194	46793	Needles_3	3	3.14206227259	0.0005	0.000469619003099	False	259	0.1697
195	33911	Needles_3	3	3.14206227259	0.0005	0.000469619003099	False	259	0.1712
196	56259	Needles_3	3	3.14206227259	0.0005	0.000469619003099	False	259	0.175
197	45532	Needles_2	3	3.14117647059	0.0005	0.000416183001558	False	89	0.0702
198	52154	Needles_3	3	3.14208582131	0.0005	0.000493167721118	False	1033	0.6825
199	55663	Needles_3	3	3.14208975944	0.0005	0.000497105846265	False	2065	1.3753
200	5008	Needles_3	3	3.14206227259	0.0005	0.000469619003099	False	259	0.171
201	59970	Needles_3	4	3.14163946836	5e-05	4.68147657022e-05	False	2186	1.4815
202	40999	Needles_3	4	3.14163244495	5e-05	3.97913642298e-05	False	547	0.364
203	40471	Needles_3	4	3.14163244495	5e-05	3.97913642298e-05	False	547	0.3657
204	25709	Needles_3	4	3.14164181235	5e-05	4.91587632987e-05	False	1639	1.0899
205	14124	Needles_3	4	3.14163244495	5e-05	3.97913642298e-05	False	547	0.3661
206	43842	Needles_3	4	3.14163244495	5e-05	3.97913642298e-05	False	547	0.3637
207	48803	Needles_3	4	3.14161843669	5e-05	2.57831043431e-05	False	274	0.1834
208	25543	Needles_3	4	3.14164153651	5e-05	4.88829244678e-05	False	4644	3.1027
209	17412	Needles_3	4	3.14161843669	5e-05	2.57831043431e-05	False	274	0.1826
210	25566	Needles_3	4	3.14164248233	5e-05	4.98287402415e-05	False	3824	2.5744
211	42704	Needles_3	4	3.14161843669	5e-05	2.57831043431e-05	False	274	0.1824
212	31351	Needles_3	4	3.14163244495	5e-05	3.97913642298e-05	False	547	0.3706
213	48126	Needles_3	4	3.14161843669	5e-05	2.57831043431e-05	False	274	0.1838
214	19797	Needles_3	4	3.14161843669	5e-05	2.57831043431e-05	False	274	0.184
215	5101	Needles_3	4	3.14161843669	5e-05	2.57831043431e-05	False	274	0.1833
216	33521	Needles_3	4	3.14161843669	5e-05	2.57831043431e-05	False	274	0.1832
217	42252	Needles_3	4	3.14161843669	5e-05	2.57831043431e-05	False	274	0.1828
218	39396	Needles_3	4	3.14164153651	5e-05	4.88829244678e-05	False	4644	3.118
219	24399	Needles_3	4	3.14164087458	5e-05	4.82209922446e-05	False	2732	1.8335
220	21569	Needles_3	4	3.14163712579	5e-05	4.44722008672e-05	False	820	0.5447
221	43795	Needles_3	4	3.14161843669	5e-05	2.57831043431e-05	False	274	0.18
222	29931	Needles_3	4	3.14163244495	5e-05	3.97913642298e-05	False	547	0.3667
223	57036	Needles_3	4	3.14161843669	5e-05	2.57831043431e-05	False	274	0.185
224	39635	Needles_3	4	3.14161843669	5e-05	2.57831043431e-05	False	274	0.1821
225	58266	Needles_3	4	3.14164087458	5e-05	4.82209922446e-05	False	1366	0.9161
226	9141	Needles_3	4	3.14164248233	5e-05	4.98287402415e-05	False	1912	1.2772
227	15864	Needles_3	4	3.14163244495	5e-05	3.97913642298e-05	False	547	0.3657
228	18911	Needles_3	4	3.1416421731	5e-05	4.95195055654e-05	False	3551	2.3663
229	39923	Needles_3	4	3.14161843669	5e-05	2.57831043431e-05	False	274	0.1829
230	6018	Needles_3	4	3.14161843669	5e-05	2.57831043431e-05	False	274	0.1841
231	30323	Needles_3	4	3.14163244495	5e-05	3.97913642298e-05	False	547	0.3656
232	30564	Needles_3	4	3.14161843669	5e-05	2.57831043431e-05	False	274	0.1866
233	61655	Needles_3	4	3.14161843669	5e-05	2.57831043431e-05	False	274	0.1824
234	35535	Needles_3	4	3.14161843669	5e-05	2.57831043431e-05	False	274	0.1838
235	61320	Needles_3	4	3.14161843669	5e-05	2.57831043431e-05	False	274	0.1808
236	22840	Needles_3	4	3.14161843669	5e-05	2.57831043431e-05	False	274	0.1807
237	5310	Needles_3	4	3.14161843669	5e-05	2.57831043431e-05	False	274	0.1834
238	30678	Needles_3	4	3.14163244495	5e-05	3.97913642298e-05	False	547	0.3704
239	17000	Needles_3	4	3.14161843669	5e-05	2.57831043431e-05	False	274	0.1853
240	35036	Needles_3	4	3.14161843669	5e-05	2.57831043431e-05	False	274	0.1829
241	8449	Needles_3	4	3.14163712579	5e-05	4.44722008672e-05	False	820	0.5477
242	5524	Needles_3	4	3.14161843669	5e-05	2.57831043431e-05	False	274	0.1882
243	56195	Needles_3	4	3.14159674765	5e-05	4.09405555857e-06	False	2473	1.6382
244	39226	Needles_3	4	3.14157383749	5e-05	1.88161012988e-05	False	13229	8.8204
245	16263	Needles_3	4	3.14163712579	5e-05	4.44722008672e-05	False	820	0.5404
246	36746	Needles_3	4	3.14164087458	5e-05	4.82209922446e-05	False	2732	1.821
247	39301	Needles_3	4	3.14161843669	5e-05	2.57831043431e-05	False	274	0.1808
248	46614	Needles_3	4	3.14161843669	5e-05	2.57831043431e-05	False	274	0.1863
249	7058	Needles_3	4	3.14161843669	5e-05	2.57831043431e-05	False	274	0.1834
250	41631	Needles_3	4	3.14163244495	5e-05	3.97913642298e-05	False	547	0.3657
251	52913	Needles_3	4	3.14163244495	5e-05	3.97913642298e-05	False	547	0.3714
252	19119	Needles_3	4	3.14164087458	5e-05	4.82209922446e-05	False	4098	2.7377
253	931	Needles_3	4	3.14161843669	5e-05	2.57831043431e-05	False	274	0.1859
254	50674	Needles_3	4	3.14161843669	5e-05	2.57831043431e-05	False	274	0.1844
255	13496	Needles_3	4	3.14164122622	5e-05	4.85726295065e-05	False	4371	2.9308
256	28277	Needles_3	4	3.14161843669	5e-05	2.57831043431e-05	False	274	0.1835
257	18603	Needles_3	4	3.14163946836	5e-05	4.68147657022e-05	False	1093	0.7295
258	37797	Needles_3	4	3.14164181235	5e-05	4.91587632987e-05	False	1639	1.099
259	54066	Needles_3	4	3.14161843669	5e-05	2.57831043431e-05	False	274	0.182
260	23400	Needles_3	4	3.14163244495	5e-05	3.97913642298e-05	False	547	0.3667
261	27360	Needles_3	4	3.14161843669	5e-05	2.57831043431e-05	False	274	0.182
262	12056	Needles_3	4	3.14163712579	5e-05	4.44722008672e-05	False	820	0.5513
263	38268	Needles_3	4	3.14161843669	5e-05	2.57831043431e-05	False	274	0.1843
264	4178	Needles_3	4	3.14161843669	5e-05	2.57831043431e-05	False	274	0.1844
265	62681	Needles_3	4	3.14161843669	5e-05	2.57831043431e-05	False	274	0.1816
266	22063	Needles_3	4	3.14162058847	5e-05	2.79348845282e-05	False	14244	9.5062
267	5051	Needles_3	4	3.14163946836	5e-05	4.68147657022e-05	False	1093	0.7361
268	52177	Needles_3	4	3.14161843669	5e-05	2.57831043431e-05	False	274	0.1852
269	42632	Needles_2	4	3.14161490683	5e-05	2.22532425052e-05	False	843	0.5338
270	42768	Needles_3	4	3.14161843669	5e-05	2.57831043431e-05	False	274	0.1816
271	42731	Needles_3	4	3.14163712579	5e-05	4.44722008672e-05	False	820	0.5525
272	50598	Needles_3	4	3.14161843669	5e-05	2.57831043431e-05	False	274	0.1838
273	37843	Needles_2	4	3.14163090129	5e-05	3.82476977605e-05	False	244	0.1593
274	22311	Needles_3	4	3.14161843669	5e-05	2.57831043431e-05	False	274	0.1846
275	64062	Needles_3	4	3.14163712579	5e-05	4.44722008672e-05	False	820	0.5409
276	48500	Needles_3	4	3.14163946836	5e-05	4.68147657022e-05	False	1093	0.7215
277	64198	Needles_3	4	3.14161843669	5e-05	2.57831043431e-05	False	274	0.1827
278	47610	Needles_3	4	3.14163244495	5e-05	3.97913642298e-05	False	547	0.3702
279	53884	Needles_3	4	3.14161843669	5e-05	2.57831043431e-05	False	274	0.1831
280	12818	Needles_3	4	3.14164087458	5e-05	4.82209922446e-05	False	1366	0.9218
281	41669	Needles_3	4	3.14161843669	5e-05	2.57831043431e-05	False	274	0.1833
282	54633	Needles_3	4	3.14163946836	5e-05	4.68147657022e-05	False	1093	0.7362
283	37939	Needles_3	4	3.14159263035	5e-05	2.32443357895e-08	False	7423	4.9363
284	1247	Needles_3	4	3.14161843669	5e-05	2.57831043431e-05	False	274	0.1845
285	57638	Needles_3	4	3.14164138607	5e-05	4.87324752889e-05	False	3005	2.0181
286	23878	Needles_3	4	3.14163244495	5e-05	3.97913642298e-05	False	547	0.369
287	40596	Needles_3	4	3.14161843669	5e-05	2.57831043431e-05	False	274	0.1815
288	60600	Needles_3	4	3.14163244495	5e-05	3.97913642298e-05	False	547	0.3647
289	56537	Needles_3	4	3.14163712579	5e-05	4.44722008672e-05	False	820	0.5511
290	17306	Needles_3	4	3.14164138607	5e-05	4.87324752889e-05	False	3005	2.002
291	24918	Needles_3	4	3.14155520334	5e-05	3.74502526226e-05	False	6907	4.6163
292	143	Needles_3	4	3.14161843669	5e-05	2.57831043431e-05	False	274	0.1881
293	41686	Needles_3	4	3.14161843669	5e-05	2.57831043431e-05	False	274	0.1854
294	52397	Needles_3	4	3.14163244495	5e-05	3.97913642298e-05	False	547	0.3683
295	34857	Needles_3	4	3.14163946836	5e-05	4.68147657022e-05	False	1093	0.7366
296	46816	Needles_3	4	3.14161843669	5e-05	2.57831043431e-05	False	274	0.1813
297	13916	Needles_3	4	3.14163712579	5e-05	4.44722008672e-05	False	820	0.5542
298	35597	Needles_3	4	3.14161843669	5e-05	2.57831043431e-05	False	274	0.1819
299	42925	Needles_3	4	3.14163712579	5e-05	4.44722008672e-05	False	820	0.5496
300	1670	Needles_3	4	3.14163244495	5e-05	3.97913642298e-05	False	547	0.3657
301	20648	Needles_3	5	3.14159057336	5e-06	2.08022668469e-06	False	275	0.1904
302	37261	Needles_3	5	3.14159763289	5e-06	4.9792995771e-06	False	50828	33.8727
303	20031	Needles_3	5	3.14159057336	5e-06	2.08022668469e-06	False	275	0.1851
304	12861	Needles_3	5	3.14159057336	5e-06	2.08022668469e-06	False	275	0.1846
305	13523	Needles_3	5	3.14159057336	5e-06	2.08022668469e-06	False	550	0.3659
306	26552	Needles_3	5	3.14159057336	5e-06	2.08022668469e-06	False	275	0.1845
307	34404	Needles_3	5	3.14159612977	5e-06	3.47617687613e-06	False	1374	0.9255
308	22023	Needles_3	5	3.14159057336	5e-06	2.08022668469e-06	False	275	0.1839
309	26010	Needles_3	5	3.14159642243	5e-06	3.76884376463e-06	False	5221	3.4822
310	13983	Needles_3	5	3.14159057336	5e-06	2.08022668469e-06	False	275	0.1832
311	33668	Needles_3	5	3.14159752013	5e-06	4.86654480891e-06	False	6594	4.4268
312	48307	Needles_3	5	3.14159711115	5e-06	4.4575604079e-06	False	4671	3.1356
313	26603	Needles_3	5	3.14159057336	5e-06	2.08022668469e-06	False	550	0.3698
314	12042	Needles_3	5	3.14159057336	5e-06	2.08022668469e-06	False	275	0.1852
315	37403	Needles_3	5	3.14159057336	5e-06	2.08022668469e-06	False	275	0.1809
316	12330	Needles_3	5	3.14159057336	5e-06	2.08022668469e-06	False	275	0.1812
317	53145	Needles_3	5	3.14159057336	5e-06	2.08022668469e-06	False	550	0.3707
318	48069	Needles_3	5	3.1415945414	5e-06	1.88780586852e-06	False	1924	1.2975
319	1007	Needles_3	5	3.14159057336	5e-06	2.08022668469e-06	False	825	0.5593
320	15906	Needles_3	5	3.14159057336	5e-06	2.08022668469e-06	False	550	0.3679
321	62930	Needles_3	5	3.14159057336	5e-06	2.08022668469e-06	False	275	0.1808
322	52245	Needles_3	5	3.14159057336	5e-06	2.08022668469e-06	False	275	0.1861
323	32911	Needles_3	5	3.14159057336	5e-06	2.08022668469e-06	False	275	0.1839
324	9933	Needles_3	5	3.14159057336	5e-06	2.08022668469e-06	False	825	0.5546
325	4853	Needles_3	5	3.14159752013	5e-06	4.86654480891e-06	False	5495	3.65
326	64826	Needles_3	5	3.14159057336	5e-06	2.08022668469e-06	False	550	0.3674
327	50925	Needles_3	5	3.14159057336	5e-06	2.08022668469e-06	False	550	0.37
328	12833	Needles_3	5	3.14159752013	5e-06	4.86654480891e-06	False	1099	0.7398
329	41872	Needles_3	5	3.14159057336	5e-06	2.08022668469e-06	False	550	0.372
330	13902	Needles_3	5	3.14159057336	5e-06	2.08022668469e-06	False	550	0.3695
331	24690	Needles_3	5	3.14159057336	5e-06	2.08022668469e-06	False	275	0.1834
332	59486	Needles_3	5	3.14159057336	5e-06	2.08022668469e-06	False	275	0.1828
333	8079	Needles_3	5	3.14159057336	5e-06	2.08022668469e-06	False	275	0.1842
334	55292	Needles_3	5	3.14159698532	5e-06	4.33172788261e-06	False	3572	2.3769
335	47601	Needles_3	5	3.14159752013	5e-06	4.86654480891e-06	False	10990	7.3244
336	12342	Needles_3	5	3.14159763799	5e-06	4.9843959169e-06	False	64840	43.6033
337	10867	Needles_3	5	3.14159057336	5e-06	2.08022668469e-06	False	275	0.1875
338	2948	Needles_3	5	3.14159057336	5e-06	2.08022668469e-06	False	550	0.3693
339	44498	Needles_3	5	3.14159057336	5e-06	2.08022668469e-06	False	550	0.3683
340	60567	Needles_3	5	3.14159642243	5e-06	3.76884376463e-06	False	5221	3.5178
341	53829	Needles_3	5	3.14159752013	5e-06	4.86654480891e-06	False	2198	1.4755
342	4750	Needles_3	5	3.14159698532	5e-06	4.33172788261e-06	False	3572	2.3845
343	7924	Needles_3	5	3.14159057336	5e-06	2.08022668469e-06	False	825	0.5557
344	57760	Needles_3	5	3.14159735055	5e-06	4.69696058536e-06	False	11265	7.514
345	15884	Needles_3	5	3.14159057336	5e-06	2.08022668469e-06	False	825	0.5561
346	51937	Needles_3	5	3.14159520314	5e-06	2.5495466569e-06	False	1649	1.0971
347	36212	Needles_3	5	3.14159057336	5e-06	2.08022668469e-06	False	275	0.1854
348	46490	Needles_3	5	3.14159757488	5e-06	4.92129408292e-06	False	34893	23.3371
349	54318	Needles_3	5	3.14159057336	5e-06	2.08022668469e-06	False	275	0.1857
350	12254	Needles_3	5	3.14159698532	5e-06	4.33172788261e-06	False	3572	2.3995
351	3234	Needles_3	5	3.14159057336	5e-06	2.08022668469e-06	False	275	0.1822
352	52101	Needles_3	5	3.14159057336	5e-06	2.08022668469e-06	False	275	0.1846
353	58851	Needles_3	5	3.14159642243	5e-06	3.76884376463e-06	False	5221	3.4766
354	41952	Needles_2	5	3.14159292035	5e-06	2.66764189405e-07	False	355	0.2334
355	41314	Needles_3	5	3.14159728038	5e-06	4.62679000934e-06	False	15936	10.6533
356	7031	Needles_3	5	3.14159520314	5e-06	2.5495466569e-06	False	1649	1.0896
357	27454	Needles_3	5	3.14159752013	5e-06	4.86654480891e-06	False	2198	1.4762
358	19101	Needles_3	5	3.14159520314	5e-06	2.5495466569e-06	False	1649	1.1133
359	17453	Needles_3	5	3.14159057336	5e-06	2.08022668469e-06	False	275	0.1866
360	23698	Needles_3	5	3.1415969242	5e-06	4.27061072683e-06	False	9617	6.454
361	38276	Needles_3	5	3.14159612977	5e-06	3.47617687613e-06	False	1374	0.9157
362	60501	Needles_3	5	3.14159057336	5e-06	2.08022668469e-06	False	275	0.1857
363	22267	Needles_3	5	3.14159057336	5e-06	2.08022668469e-06	False	825	0.5517
364	23618	Needles_3	5	3.14159756876	5e-06	4.91516825107e-06	False	78578	52.3415
365	40885	Needles_3	5	3.14159057336	5e-06	2.08022668469e-06	False	275	0.183
366	36223	Needles_3	5	3.14159752013	5e-06	4.86654480891e-06	False	6594	4.3969
367	8346	Needles_3	5	3.14159711115	5e-06	4.4575604079e-06	False	4671	3.1375
368	35092	Needles_3	5	3.14159057336	5e-06	2.08022668469e-06	False	550	0.3736
369	60498	Needles_3	5	3.14159057336	5e-06	2.08022668469e-06	False	550	0.3657
370	52861	Needles_3	5	3.14159652696	5e-06	3.87337310004e-06	False	3847	2.5801
371	37552	Needles_3	5	3.14159057336	5e-06	2.08022668469e-06	False	275	0.1855
372	55476	Needles_3	5	3.14159057336	5e-06	2.08022668469e-06	False	275	0.1854
373	11132	Needles_3	5	3.14159057336	5e-06	2.08022668469e-06	False	275	0.1847
374	19156	Needles_3	5	3.14159057336	5e-06	2.08022668469e-06	False	275	0.1806
375	38344	Needles_3	5	3.14159057336	5e-06	2.08022668469e-06	False	275	0.1856
376	1359	Needles_3	5	3.14159698532	5e-06	4.33172788261e-06	False	7144	4.7994
377	39145	Needles_3	5	3.14158787185	5e-06	4.78174063545e-06	False	31086	20.7619
378	45825	Needles_3	5	3.14159612977	5e-06	3.47617687613e-06	False	1374	0.9246
379	52016	Needles_3	5	3.14159057336	5e-06	2.08022668469e-06	False	275	0.1843
380	4665	Needles_3	5	3.14159752013	5e-06	4.86654480891e-06	False	5495	3.6998
381	13973	Needles_3	5	3.14159057336	5e-06	2.08022668469e-06	False	550	0.3646
382	5584	Needles_3	5	3.14159057336	5e-06	2.08022668469e-06	False	275	0.1833
383	25271	Needles_3	5	3.14159057336	5e-06	2.08022668469e-06	False	275	0.1827
384	38582	Needles_3	5	3.14159057336	5e-06	2.08022668469e-06	False	275	0.1818
385	54600	Needles_3	5	3.14159057336	5e-06	2.08022668469e-06	False	275	0.1873
386	64712	Needles_3	5	3.14159520314	5e-06	2.5495466569e-06	False	1649	1.1084
387	18626	Needles_3	5	3.1415945414	5e-06	1.88780586852e-06	False	1924	1.2923
388	45636	Needles_3	5	3.14159057336	5e-06	2.08022668469e-06	False	275	0.1839
389	48430	Needles_3	5	3.14159057336	5e-06	2.08022668469e-06	False	275	0.1872
390	33103	Needles_3	5	3.14159199731	5e-06	6.56280317646e-07	False	10723	7.1981
391	63241	Needles_3	5	3.14159752013	5e-06	4.86654480891e-06	False	5495	3.6553
392	59965	Needles_3	5	3.14159752013	5e-06	4.86654480891e-06	False	1099	0.7328
393	62631	Needles_3	5	3.14159057336	5e-06	2.08022668469e-06	False	275	0.1839
394	6509	Needles_3	5	3.14159057336	5e-06	2.08022668469e-06	False	275	0.1894
395	64886	Needles_3	5	3.14159057336	5e-06	2.08022668469e-06	False	275	0.1835
396	16974	Needles_3	5	3.14159057336	5e-06	2.08022668469e-06	False	550	0.3685
397	20162	Needles_3	5	3.14159057336	5e-06	2.08022668469e-06	False	550	0.3677
398	51535	Needles_3	5	3.14159757321	5e-06	4.91962233751e-06	False	35992	24.112
399	62899	Needles_3	5	3.14159752013	5e-06	4.86654480891e-06	False	7693	5.1737
400	54845	Needles_3	5	3.14159057336	5e-06	2.08022668469e-06	False	275	0.1812
401	41309	Needles_3	6	3.141593098	5e-07	4.44406623501e-07	False	6048	4.1007
402	42327	Needles_3	6	3.14159220676	5e-07	4.46831529111e-07	False	4674	3.1906
403	13109	Needles_3	6	3.14159279495	5e-07	1.41362253903e-07	False	6873	4.6068
404	39701	Needles_3	6	3.14159314817	5e-07	4.94581859023e-07	False	41511	27.8377
405	63280	Needles_3	6	3.14159294401	5e-07	2.90417650817e-07	False	22543	15.0939
406	26133	Needles_3	6	3.14159313882	5e-07	4.85234305181e-07	False	119035	79.1629
407	46021	Needles_3	6	3.14159314476	5e-07	4.91174877659e-07	False	207830	138.467
408	1435	Needles_3	6	3.14159296222	5e-07	3.08631075807e-07	False	25567	17.0705
409	18377	Needles_3	6	3.14159220676	5e-07	4.46831529111e-07	False	4674	3.1296
410	34563	Needles_3	6	3.141593098	5e-07	4.44406623501e-07	False	6048	4.0388
411	50336	Needles_3	6	3.14159288755	5e-07	2.33956586992e-07	False	3299	2.2215
412	10712	Needles_3	6	3.14159276571	5e-07	1.12122406026e-07	False	10447	6.9405
413	50978	Needles_3	6	3.1415929368	5e-07	2.83209808938e-07	False	12921	8.6448
414	18819	Needles_3	6	3.141593098	5e-07	4.44406623501e-07	False	9072	6.0354
415	59255	Needles_3	6	3.141593098	5e-07	4.44406623501e-07	False	3024	2.0096
416	9689	Needles_3	6	3.14159220676	5e-07	4.46831529111e-07	False	4674	3.0865
417	32000	Needles_3	6	3.141593098	5e-07	4.44406623501e-07	False	3024	2.0473
418	25855	Needles_3	6	3.141593098	5e-07	4.44406623501e-07	False	3024	2.0212
419	47922	Needles_3	6	3.141593098	5e-07	4.44406623501e-07	False	3024	2.0082
420	30907	Needles_3	6	3.14159255686	5e-07	9.67271236441e-08	False	3849	2.5665
421	215	Needles_3	6	3.14159270948	5e-07	5.58925603578e-08	False	3574	2.3812
422	25378	Needles_3	6	3.1415929368	5e-07	2.83209808938e-07	False	12921	8.7269
423	50309	Needles_3	6	3.14159270948	5e-07	5.58925603578e-08	False	3574	2.3845
424	63483	Needles_3	6	3.141593098	5e-07	4.44406623501e-07	False	9072	6.0845
425	61761	Needles_3	6	3.14159263035	5e-07	2.32443357895e-08	False	7423	4.9624
426	32660	Needles_3	6	3.14159230887	5e-07	3.44721068135e-07	False	8798	5.934
427	41544	Needles_3	6	3.14159307901	5e-07	4.25418173133e-07	False	73126	48.5909
428	40445	Needles_3	6	3.14159220676	5e-07	4.46831529111e-07	False	4674	3.1334
429	21263	Needles_3	6	3.14159270948	5e-07	5.58925603578e-08	False	3574	2.3953
430	34506	Needles_3	6	3.14159288755	5e-07	2.33956586992e-07	False	3299	2.2141
431	14688	Needles_3	6	3.14159308373	5e-07	4.30138457297e-07	False	48659	32.286
432	22735	Needles_3	6	3.14159297868	5e-07	3.25094939413e-07	False	34914	23.1226
433	21567	Needles_3	6	3.14159275138	5e-07	9.77892291587e-08	False	14021	9.3252
434	26360	Needles_3	6	3.14159255686	5e-07	9.67271236441e-08	False	7698	5.1062
435	24302	Needles_3	6	3.14159282498	5e-07	1.71392601445e-07	False	10172	6.8053
436	12876	Needles_3	6	3.14159270948	5e-07	5.58925603578e-08	False	3574	2.3965
437	47493	Needles_3	6	3.14159294138	5e-07	2.8779153638e-07	False	35464	23.5846
438	63179	Needles_3	6	3.14159288755	5e-07	2.33956586992e-07	False	3299	2.1998
439	30609	Needles_3	6	3.14159288755	5e-07	2.33956586992e-07	False	3299	2.2017
440	5295	Needles_3	6	3.14159270948	5e-07	5.58925603578e-08	False	7148	4.8244
441	56493	Needles_3	6	3.14159220676	5e-07	4.46831529111e-07	False	4674	3.1396
442	48215	Needles_3	6	3.14159270948	5e-07	5.58925603578e-08	False	7148	4.7586
443	65049	Needles_3	6	3.14159265606	5e-07	2.4749748917e-09	False	10997	7.3234
444	13661	Needles_3	6	3.14159311665	5e-07	4.63058591027e-07	False	186113	124.0106
445	27160	Needles_3	6	3.1415928496	5e-07	1.96007817532e-07	False	16770	11.2135
446	27892	Needles_3	6	3.141593098	5e-07	4.44406623501e-07	False	6048	4.0127
447	53615	Needles_3	6	3.14159230887	5e-07	3.44721068135e-07	False	4399	2.9253
448	50795	Needles_3	6	3.14159302372	5e-07	3.70128812488e-07	False	18694	12.4763
449	39750	Needles_3	6	3.14159300699	5e-07	3.53399775666e-07	False	335668	222.8408
450	11951	Needles_3	6	3.14159274991	5e-07	9.63171760127e-08	False	101721	67.7716
451	18584	Needles_3	6	3.14159300329	5e-07	3.49702668601e-07	False	21993	14.7414
452	32181	Needles_3	6	3.14159288755	5e-07	2.33956586992e-07	False	9897	6.654
453	43222	Needles_3	6	3.14159279495	5e-07	1.41362253903e-07	False	6873	4.5546
454	36481	Needles_3	6	3.14159248845	5e-07	1.6514085921e-07	False	7973	5.3462
455	3196	Needles_3	6	3.14159298819	5e-07	3.34605153807e-07	False	12646	8.4707
456	43590	Needles_3	6	3.14159314044	5e-07	4.86851737591e-07	False	32714	21.6644
457	43757	Needles_3	6	3.1415924246	5e-07	2.28992570239e-07	False	4124	2.7598
458	62652	Needles_3	6	3.14159220676	5e-07	4.46831529111e-07	False	4674	3.1127
459	24431	Needles_3	6	3.14159220676	5e-07	4.46831529111e-07	False	4674	3.1122
460	23555	Needles_3	6	3.1415930529	5e-07	3.99309208809e-07	False	46185	30.7253
461	17861	Needles_3	6	3.141593098	5e-07	4.44406623501e-07	False	6048	4.0323
462	44325	Needles_3	6	3.141593098	5e-07	4.44406623501e-07	False	3024	2.0075
463	60038	Needles_3	6	3.14159288755	5e-07	2.33956586992e-07	False	3299	2.1944
464	57686	Needles_3	6	3.14159276571	5e-07	1.12122406026e-07	False	10447	6.8995
465	2551	Needles_3	6	3.14159295369	5e-07	3.00096774541e-07	False	9622	6.3987
466	47287	Needles_3	6	3.1415924246	5e-07	2.28992570239e-07	False	4124	2.7418
467	57207	Needles_3	6	3.141593098	5e-07	4.44406623501e-07	False	6048	4.1055
468	51217	Needles_3	6	3.14159260525	5e-07	4.83361790593e-08	False	11272	7.5486
469	6964	Needles_3	6	3.141593098	5e-07	4.44406623501e-07	False	3024	2.0216
470	38547	Needles_3	6	3.14159305567	5e-07	4.02080542639e-07	False	49209	32.8971
471	29208	Needles_3	6	3.141593098	5e-07	4.44406623501e-07	False	3024	2.0173
472	19628	Needles_3	6	3.14159307524	5e-07	4.21654707594e-07	False	30515	20.2957
473	63469	Needles_3	6	3.1415929368	5e-07	2.83209808938e-07	False	25842	17.1843
474	39660	Needles_3	6	3.14159288755	5e-07	2.33956586992e-07	False	16495	10.9975
475	38319	Needles_3	6	3.141593098	5e-07	4.44406623501e-07	False	12096	7.9767
476	29936	Needles_3	6	3.14159275138	5e-07	9.77892291587e-08	False	14021	9.2954
477	62230	Needles_3	6	3.14159279495	5e-07	1.41362253903e-07	False	6873	4.5592
478	8679	Needles_3	6	3.14159270948	5e-07	5.58925603578e-08	False	3574	2.3835
479	17370	Needles_3	6	3.14159308531	5e-07	4.31715839522e-07	False	54707	36.5021
480	2174	Needles_3	6	3.14159313193	5e-07	4.78338236132e-07	False	143227	94.6265
481	33493	Needles_3	6	3.14159236487	5e-07	2.88723847053e-07	False	8523	5.6677
482	39563	Needles_3	6	3.141593098	5e-07	4.44406623501e-07	False	3024	2.0027
483	53179	Needles_3	6	3.14159282498	5e-07	1.71392601445e-07	False	10172	6.8392
484	23999	Needles_3	6	3.14159270948	5e-07	5.58925603578e-08	False	7148	4.7952
485	65535	Needles_3	6	3.14159263035	5e-07	2.32443357895e-08	False	7423	4.9082
486	44141	Needles_3	6	3.14159230887	5e-07	3.44721068135e-07	False	4399	2.9252
487	53644	Needles_3	6	3.14159307901	5e-07	4.25418173133e-07	False	36563	24.259
488	52	Needles_3	6	3.14159288755	5e-07	2.33956586992e-07	False	3299	2.2066
489	41027	Needles_3	6	3.14159288755	5e-07	2.33956586992e-07	False	13196	8.766
490	50239	Needles_3	6	3.141593098	5e-07	4.44406623501e-07	False	6048	4.0371
491	1180	Needles_3	6	3.1415928403	5e-07	1.86714299133e-07	False	13471	8.9523
492	28659	Needles_3	6	3.141593098	5e-07	4.44406623501e-07	False	3024	2.0168
493	30582	Needles_3	6	3.14159311727	5e-07	4.63685070784e-07	False	72026	47.8023
494	36172	Needles_3	6	3.14159306962	5e-07	4.160306597e-07	False	48934	32.4293
495	1209	Needles_3	6	3.14159288755	5e-07	2.33956586992e-07	False	6598	4.3949
496	7590	Needles_3	6	3.14159230887	5e-07	3.44721068135e-07	False	4399	2.9335
497	24745	Needles_3	6	3.141593098	5e-07	4.44406623501e-07	False	3024	2.026
498	31328	Needles_3	6	3.14159305057	5e-07	3.96980248674e-07	False	58556	38.9747
499	36797	Needles_3	6	3.14159315007	5e-07	4.96478530287e-07	False	26666	17.7232
500	39745	Needles_3	6	3.14159270948	5e-07	5.58925603578e-08	False	3574	2.4026
