sampleId	seedInit	solverName	numThrows	piHat	error	runtime
1	13879	needles3	10	3.13397459622	0.007618057369793263	0.205627918243
2	38709	needles3	10	3.13397459622	0.007618057369793263	0.200958967209
3	19292	needles3	10	3.13397459622	0.007618057369793263	0.221688985825
4	52672	needles3	10	3.13397459622	0.007618057369793263	0.207477092743
5	24140	needles3	10	3.13397459622	0.007618057369793263	0.218169927597
6	8327	needles3	10	3.13397459622	0.007618057369793263	0.235519170761
7	48005	needles3	10	3.13397459622	0.007618057369793263	0.219980955124
8	15509	needles3	10	3.13397459622	0.007618057369793263	0.22357583046
9	49654	needles3	10	3.13397459622	0.007618057369793263	0.220780134201
10	17221	needles3	10	3.13397459622	0.007618057369793263	0.22069811821
11	12991	needles3	10	3.13397459622	0.007618057369793263	0.215600967407
12	19223	needles3	10	3.13397459622	0.007618057369793263	0.202253103256
13	38136	needles3	10	3.13397459622	0.007618057369793263	0.219233036041
14	39557	needles3	10	3.13397459622	0.007618057369793263	0.200845003128
15	7776	needles3	10	3.13397459622	0.007618057369793263	0.226163864136
16	41922	needles3	10	3.13397459622	0.007618057369793263	0.221647977829
17	34664	needles3	10	3.13397459622	0.007618057369793263	0.223176956177
18	58041	needles3	10	3.13397459622	0.007618057369793263	0.218420982361
19	43352	needles3	10	3.13397459622	0.007618057369793263	0.228797912598
20	9499	needles3	10	3.13397459622	0.007618057369793263	0.221732139587
21	44982	needles3	10	3.13397459622	0.007618057369793263	0.219019174576
22	54532	needles3	10	3.13397459622	0.007618057369793263	0.225424051285
23	9934	needles3	10	3.13397459622	0.007618057369793263	0.222363948822
24	12400	needles3	10	3.13397459622	0.007618057369793263	0.223191976547
25	6875	needles3	10	3.13397459622	0.007618057369793263	0.227167129517
26	47318	needles3	10	3.13397459622	0.007618057369793263	0.220613002777
27	24680	needles3	10	3.13397459622	0.007618057369793263	0.231268882751
28	46466	needles3	10	3.13397459622	0.007618057369793263	0.221302032471
29	27172	needles3	10	3.13397459622	0.007618057369793263	0.21950006485
30	35831	needles3	10	3.13397459622	0.007618057369793263	0.204400062561
31	39557	needles3	10	3.13397459622	0.007618057369793263	0.203963041306
32	7776	needles3	10	3.13397459622	0.007618057369793263	0.219432830811
33	41922	needles3	10	3.13397459622	0.007618057369793263	0.220384836197
34	34664	needles3	10	3.13397459622	0.007618057369793263	0.221899986267
35	58041	needles3	10	3.13397459622	0.007618057369793263	0.21515917778
36	43352	needles3	10	3.13397459622	0.007618057369793263	0.216324090958
37	9499	needles3	10	3.13397459622	0.007618057369793263	0.225604057312
38	44982	needles3	10	3.13397459622	0.007618057369793263	0.224317073822
39	54532	needles3	10	3.13397459622	0.007618057369793263	0.21866607666
40	9934	needles3	10	3.13397459622	0.007618057369793263	0.231012105942
41	12400	needles3	10	3.13397459622	0.007618057369793263	0.230866909027
42	6875	needles3	10	3.13397459622	0.007618057369793263	0.220707893372
43	47318	needles3	10	3.13397459622	0.007618057369793263	0.221383094788
44	24680	needles3	10	3.13397459622	0.007618057369793263	0.220746040344
45	46466	needles3	10	3.13397459622	0.007618057369793263	0.206468105316
46	27172	needles3	10	3.13397459622	0.007618057369793263	0.229193925858
47	35831	needles3	10	3.13397459622	0.007618057369793263	0.208023071289
48	39557	needles3	10	3.13397459622	0.007618057369793263	0.220983982086
49	7776	needles3	10	3.13397459622	0.007618057369793263	0.217919826508
50	41922	needles3	10	3.13397459622	0.007618057369793263	0.219196081161
51	34664	needles3	10	3.13397459622	0.007618057369793263	0.226901054382
52	58041	needles3	10	3.13397459622	0.007618057369793263	0.220839977264
53	43352	needles3	10	3.13397459622	0.007618057369793263	0.219134092331
54	9499	needles3	10	3.13397459622	0.007618057369793263	0.210896015167
55	44982	needles3	10	3.13397459622	0.007618057369793263	0.223130941391
56	54532	needles3	10	3.13397459622	0.007618057369793263	0.228753089905
57	9934	needles3	10	3.13397459622	0.007618057369793263	0.222682952881
58	12400	needles3	10	3.13397459622	0.007618057369793263	0.219469070435
59	6875	needles3	10	3.13397459622	0.007618057369793263	0.221283912659
60	47318	needles3	10	3.13397459622	0.007618057369793263	0.227417945862
61	24680	needles3	10	3.13397459622	0.007618057369793263	0.217962026596
62	46466	needles3	10	3.13397459622	0.007618057369793263	0.22297501564
63	27172	needles3	10	3.13397459622	0.007618057369793263	0.2154109478
64	35831	needles3	10	3.13397459622	0.007618057369793263	0.227813005447
65	39557	needles3	10	3.13397459622	0.007618057369793263	0.219851970673
66	7776	needles3	10	3.13397459622	0.007618057369793263	0.224986076355
67	41922	needles3	10	3.13397459622	0.007618057369793263	0.214829921722
68	34664	needles3	10	3.13397459622	0.007618057369793263	0.225080966949
69	58041	needles3	10	3.13397459622	0.007618057369793263	0.205082893372
70	43352	needles3	10	3.13397459622	0.007618057369793263	0.210220098495
71	9499	needles3	10	3.13397459622	0.007618057369793263	0.220678091049
72	44982	needles3	10	3.13397459622	0.007618057369793263	0.222307920456
73	54532	needles3	10	3.13397459622	0.007618057369793263	0.219716072083
74	9934	needles3	10	3.13397459622	0.007618057369793263	0.224166870117
75	12400	needles3	10	3.13397459622	0.007618057369793263	0.219702959061
76	6875	needles3	10	3.13397459622	0.007618057369793263	0.205552101135
77	47318	needles3	10	3.13397459622	0.007618057369793263	0.220843076706
78	24680	needles3	10	3.13397459622	0.007618057369793263	0.212461948395
79	46466	needles3	10	3.13397459622	0.007618057369793263	0.202358007431
80	27172	needles3	10	3.13397459622	0.007618057369793263	0.227087020874
81	35831	needles3	10	3.13397459622	0.007618057369793263	0.223247051239
82	39557	needles3	10	3.13397459622	0.007618057369793263	0.225895881653
83	7776	needles3	10	3.13397459622	0.007618057369793263	0.218204021454
84	41922	needles3	10	3.13397459622	0.007618057369793263	0.221393823624
85	34664	needles3	10	3.13397459622	0.007618057369793263	0.22844004631
86	58041	needles3	10	3.13397459622	0.007618057369793263	0.234375953674
87	43352	needles3	10	3.13397459622	0.007618057369793263	0.209587097168
88	9499	needles3	10	3.13397459622	0.007618057369793263	0.231801986694
89	44982	needles3	10	3.13397459622	0.007618057369793263	0.227587938309
90	54532	needles3	10	3.13397459622	0.007618057369793263	0.225657939911
91	9934	needles3	10	3.13397459622	0.007618057369793263	0.222467184067
92	12400	needles3	10	3.13397459622	0.007618057369793263	0.225120067596
93	6875	needles3	10	3.13397459622	0.007618057369793263	0.207444190979
94	47318	needles3	10	3.13397459622	0.007618057369793263	0.218194961548
95	24680	needles3	10	3.13397459622	0.007618057369793263	0.227235794067
96	46466	needles3	10	3.13397459622	0.007618057369793263	0.22368812561
97	27172	needles3	10	3.13397459622	0.007618057369793263	0.222533941269
98	35831	needles3	10	3.13397459622	0.007618057369793263	0.221747159958
99	39557	needles3	10	3.13397459622	0.007618057369793263	0.221806049347
100	7776	needles3	10	3.13397459622	0.007618057369793263	0.218719005585
101	41922	needles3	100	3.13397459622	0.007618057369793263	0.334813117981
102	34664	needles3	100	3.13397459622	0.007618057369793263	0.307333946228
103	58041	needles3	100	3.13397459622	0.007618057369793263	0.328593969345
104	43352	needles3	100	3.13397459622	0.007618057369793263	0.333026170731
105	9499	needles3	100	3.13397459622	0.007618057369793263	0.332216024399
106	44982	needles3	100	3.13397459622	0.007618057369793263	0.329127073288
107	54532	needles3	100	3.13397459622	0.007618057369793263	0.309504985809
108	9934	needles3	100	3.13397459622	0.007618057369793263	0.327906847
109	12400	needles3	100	3.13397459622	0.007618057369793263	0.326915025711
110	6875	needles3	100	3.13397459622	0.007618057369793263	0.308399915695
111	47318	needles3	100	3.13397459622	0.007618057369793263	0.342930078506
112	24680	needles3	100	3.13397459622	0.007618057369793263	0.325202941895
113	46466	needles3	100	3.13397459622	0.007618057369793263	0.323544025421
114	27172	needles3	100	3.13397459622	0.007618057369793263	0.313582897186
115	35831	needles3	100	3.13397459622	0.007618057369793263	0.324915885925
116	39557	needles3	100	3.13397459622	0.007618057369793263	0.324731826782
117	7776	needles3	100	3.13397459622	0.007618057369793263	0.329909801483
118	41922	needles3	100	3.13397459622	0.007618057369793263	0.30529499054
119	34664	needles3	100	3.13397459622	0.007618057369793263	0.332753181458
120	58041	needles3	100	3.13397459622	0.007618057369793263	0.323554992676
121	43352	needles3	100	3.13397459622	0.007618057369793263	0.312188148499
122	9499	needles3	100	3.13397459622	0.007618057369793263	0.331999063492
123	44982	needles3	100	3.13397459622	0.007618057369793263	0.326041221619
124	54532	needles3	100	3.13397459622	0.007618057369793263	0.30723118782
125	9934	needles3	100	3.13397459622	0.007618057369793263	0.315109014511
126	12400	needles3	100	3.13397459622	0.007618057369793263	0.321811914444
127	6875	needles3	100	3.13397459622	0.007618057369793263	0.310020923615
128	47318	needles3	100	3.13397459622	0.007618057369793263	0.324444055557
129	24680	needles3	100	3.17632560427	0.034732950680206987	0.327926158905
130	46466	needles3	100	3.13397459622	0.007618057369793263	0.338401079178
131	27172	needles3	100	3.13397459622	0.007618057369793263	0.324158191681
132	35831	needles3	100	3.13397459622	0.007618057369793263	0.323875904083
133	39557	needles3	100	3.13397459622	0.007618057369793263	0.318770885468
134	7776	needles3	100	3.13397459622	0.007618057369793263	0.312737226486
135	41922	needles3	100	3.13397459622	0.007618057369793263	0.330865859985
136	34664	needles3	100	3.13397459622	0.007618057369793263	0.323884010315
137	58041	needles3	100	3.13397459622	0.007618057369793263	0.336121082306
138	43352	needles3	100	3.13397459622	0.007618057369793263	0.321361780167
139	9499	needles3	100	3.13397459622	0.007618057369793263	0.305380105972
140	44982	needles3	100	3.13397459622	0.007618057369793263	0.310523986816
141	54532	needles3	100	3.13397459622	0.007618057369793263	0.330712080002
142	9934	needles3	100	3.13397459622	0.007618057369793263	0.317201852798
143	12400	needles3	100	3.13397459622	0.007618057369793263	0.320639133453
144	6875	needles3	100	3.13397459622	0.007618057369793263	0.322764873505
145	47318	needles3	100	3.13397459622	0.007618057369793263	0.308130979538
146	24680	needles3	100	3.19793326144	0.05634060785020667	0.325615882874
147	46466	needles3	100	3.13397459622	0.007618057369793263	0.307167053223
148	27172	needles3	100	3.13397459622	0.007618057369793263	0.319312095642
149	35831	needles3	100	3.13397459622	0.007618057369793263	0.332794189453
150	39557	needles3	100	3.13397459622	0.007618057369793263	0.321165800095
151	7776	needles3	100	3.13397459622	0.007618057369793263	0.332052946091
152	41922	needles3	100	3.13397459622	0.007618057369793263	0.327162027359
153	34664	needles3	100	3.13397459622	0.007618057369793263	0.320771932602
154	58041	needles3	100	3.13397459622	0.007618057369793263	0.306259870529
155	43352	needles3	100	3.13397459622	0.007618057369793263	0.310528993607
156	9499	needles3	100	3.13397459622	0.007618057369793263	0.32480597496
157	44982	needles3	100	3.13397459622	0.007618057369793263	0.325648069382
158	54532	needles3	100	3.13397459622	0.007618057369793263	0.318760871887
159	9934	needles3	100	3.13397459622	0.007618057369793263	0.315112113953
160	12400	needles3	100	3.13397459622	0.007618057369793263	0.330397129059
161	6875	needles3	100	3.13397459622	0.007618057369793263	0.331243038177
162	47318	needles3	100	3.13397459622	0.007618057369793263	0.325026035309
163	24680	needles3	100	3.13397459622	0.007618057369793263	0.323042869568
164	46466	needles3	100	3.13397459622	0.007618057369793263	0.307149887085
165	27172	needles3	100	3.13397459622	0.007618057369793263	0.321125984192
166	35831	needles3	100	3.13397459622	0.007618057369793263	0.322813987732
167	39557	needles3	100	3.13397459622	0.007618057369793263	0.319011926651
168	7776	needles3	100	3.13397459622	0.007618057369793263	0.329138994217
169	41922	needles3	100	3.13397459622	0.007618057369793263	0.321375131607
170	34664	needles3	100	3.13397459622	0.007618057369793263	0.324615001678
171	58041	needles3	100	3.13397459622	0.007618057369793263	0.309014081955
172	43352	needles3	100	3.13397459622	0.007618057369793263	0.327419042587
173	9499	needles3	100	3.13397459622	0.007618057369793263	0.308176040649
174	44982	needles3	100	3.13397459622	0.007618057369793263	0.318552017212
175	54532	needles3	100	3.13397459622	0.007618057369793263	0.323167085648
176	9934	needles3	100	3.13397459622	0.007618057369793263	0.325363874435
177	12400	needles3	100	3.13397459622	0.007618057369793263	0.306024074554
178	6875	needles3	100	3.13397459622	0.007618057369793263	0.321802854538
179	47318	needles3	100	3.13397459622	0.007618057369793263	0.325751066208
180	24680	needles3	100	3.19793326144	0.05634060785020667	0.315397977829
181	46466	needles3	100	3.13397459622	0.007618057369793263	0.322538137436
182	27172	needles3	100	3.13397459622	0.007618057369793263	0.322058200836
183	35831	needles3	100	3.13397459622	0.007618057369793263	0.324414968491
184	39557	needles3	100	3.13397459622	0.007618057369793263	0.312143087387
185	7776	needles3	100	3.13397459622	0.007618057369793263	0.32640504837
186	41922	needles3	100	3.13397459622	0.007618057369793263	0.318804979324
187	34664	needles3	100	3.13397459622	0.007618057369793263	0.325834989548
188	58041	needles3	100	3.13397459622	0.007618057369793263	0.324980020523
189	43352	needles3	100	3.13397459622	0.007618057369793263	0.323402881622
190	9499	needles3	100	3.13397459622	0.007618057369793263	0.326345920563
191	44982	needles3	100	3.13397459622	0.007618057369793263	0.310345888138
192	54532	needles3	100	3.13397459622	0.007618057369793263	0.320029973984
193	9934	needles3	100	3.13397459622	0.007618057369793263	0.309761047363
194	12400	needles3	100	3.13397459622	0.007618057369793263	0.320240974426
195	6875	needles3	100	3.13397459622	0.007618057369793263	0.337015151978
196	47318	needles3	100	3.13397459622	0.007618057369793263	0.323924064636
197	24680	needles3	100	3.19793326144	0.05634060785020667	0.324591875076
198	46466	needles3	100	3.13397459622	0.007618057369793263	0.321525096893
199	27172	needles3	100	3.13397459622	0.007618057369793263	0.330396175385
200	35831	needles3	100	3.13397459622	0.007618057369793263	0.316973924637
201	39557	needles3	1000	3.13397459622	0.007618057369793263	0.508086919785
202	7776	needles3	1000	3.13397459622	0.007618057369793263	0.520492076874
203	41922	needles3	1000	3.13397459622	0.007618057369793263	0.515271186829
204	34664	needles3	1000	3.13397459622	0.007618057369793263	0.531081199646
205	58041	needles3	1000	3.13397459622	0.007618057369793263	0.539511919022
206	43352	needles3	1000	3.13397459622	0.007618057369793263	0.542407989502
207	9499	needles3	1000	3.13397459622	0.007618057369793263	0.411582946777
208	44982	needles3	1000	3.13397459622	0.007618057369793263	0.530683040619
209	54532	needles3	1000	3.16776407973	0.026171426140206844	0.52854514122
210	9934	needles3	1000	3.15924858489	0.017655931300206706	0.531341075897
211	12400	needles3	1000	3.13397459622	0.007618057369793263	0.53267121315
212	6875	needles3	1000	3.13397459622	0.007618057369793263	0.530638933182
213	47318	needles3	1000	3.13397459622	0.007618057369793263	0.518195867538
214	24680	needles3	1000	3.16776407973	0.026171426140206844	0.525027990341
215	46466	needles3	1000	3.13397459622	0.007618057369793263	0.523121833801
216	27172	needles3	1000	3.13397459622	0.007618057369793263	0.533700942993
217	35831	needles3	1000	3.13397459622	0.007618057369793263	0.505813121796
218	39557	needles3	1000	3.13397459622	0.007618057369793263	0.527296066284
219	7776	needles3	1000	3.13397459622	0.007618057369793263	0.512685775757
220	41922	needles3	1000	3.13397459622	0.007618057369793263	0.507744789124
221	34664	needles3	1000	3.13397459622	0.007618057369793263	0.530534982681
222	58041	needles3	1000	3.13397459622	0.007618057369793263	0.525592088699
223	43352	needles3	1000	3.13397459622	0.007618057369793263	0.525360822678
224	9499	needles3	1000	3.13397459622	0.007618057369793263	0.527313947678
225	44982	needles3	1000	3.13397459622	0.007618057369793263	0.526709079742
226	54532	needles3	1000	3.16776407973	0.026171426140206844	0.541418790817
227	9934	needles3	1000	3.148668382	0.0070757284102067608	0.52676987648
228	12400	needles3	1000	3.13397459622	0.007618057369793263	0.517108201981
229	6875	needles3	1000	3.13397459622	0.007618057369793263	0.53001999855
230	47318	needles3	1000	3.13397459622	0.007618057369793263	0.52805519104
231	24680	needles3	1000	3.16776407973	0.026171426140206844	0.513409852982
232	46466	needles3	1000	3.13397459622	0.007618057369793263	0.534225940704
233	27172	needles3	1000	3.13397459622	0.007618057369793263	0.528794050217
234	35831	needles3	1000	3.13397459622	0.007618057369793263	0.526449918747
235	39557	needles3	1000	3.13397459622	0.007618057369793263	0.512017965317
236	7776	needles3	1000	3.13397459622	0.007618057369793263	0.52824306488
237	41922	needles3	1000	3.13397459622	0.007618057369793263	0.530694007874
238	34664	needles3	1000	3.13397459622	0.007618057369793263	0.509427070618
239	58041	needles3	1000	3.13397459622	0.007618057369793263	0.506737947464
240	43352	needles3	1000	3.13397459622	0.007618057369793263	0.516351938248
241	9499	needles3	1000	3.13397459622	0.007618057369793263	0.522946119308
242	44982	needles3	1000	3.13397459622	0.007618057369793263	0.541666984558
243	54532	needles3	1000	3.16563090527	0.024038251680206901	0.508598089218
244	9934	needles3	1000	3.1528919479	0.011299294310207042	0.532452106476
245	12400	needles3	1000	3.13397459622	0.007618057369793263	0.517014980316
246	6875	needles3	1000	3.13397459622	0.007618057369793263	0.520990848541
247	47318	needles3	1000	3.13397459622	0.007618057369793263	0.50514793396
248	24680	needles3	1000	3.16776407973	0.026171426140206844	0.519626140594
249	46466	needles3	1000	3.13397459622	0.007618057369793263	0.506282806396
250	27172	needles3	1000	3.13397459622	0.007618057369793263	0.525156021118
251	35831	needles3	1000	3.13397459622	0.007618057369793263	0.533972978592
252	39557	needles3	1000	3.13397459622	0.007618057369793263	0.509320020676
253	7776	needles3	1000	3.13397459622	0.007618057369793263	0.532638072968
254	41922	needles3	1000	3.13397459622	0.007618057369793263	0.513451099396
255	34664	needles3	1000	3.13397459622	0.007618057369793263	0.532033205032
256	58041	needles3	1000	3.13397459622	0.007618057369793263	0.524809837341
257	43352	needles3	1000	3.13397459622	0.007618057369793263	0.525357961655
258	9499	needles3	1000	3.13397459622	0.007618057369793263	0.510275840759
259	44982	needles3	1000	3.13397459622	0.007618057369793263	0.508989095688
260	54532	needles3	1000	3.16776407973	0.026171426140206844	0.526814937592
261	9934	needles3	1000	3.15712685985	0.015534206260206851	0.535924911499
262	12400	needles3	1000	3.13397459622	0.007618057369793263	0.520040035248
263	6875	needles3	1000	3.13397459622	0.007618057369793263	0.531466007233
264	47318	needles3	1000	3.13397459622	0.007618057369793263	0.52808380127
265	24680	needles3	1000	3.16776407973	0.026171426140206844	0.523723125458
266	46466	needles3	1000	3.13397459622	0.007618057369793263	0.519184112549
267	27172	needles3	1000	3.13397459622	0.007618057369793263	0.532084941864
268	35831	needles3	1000	3.13397459622	0.007618057369793263	0.531816005707
269	39557	needles3	1000	3.13397459622	0.007618057369793263	0.511456012726
270	7776	needles3	1000	3.13397459622	0.007618057369793263	0.525527954102
271	41922	needles3	1000	3.13397459622	0.007618057369793263	0.53928899765
272	34664	needles3	1000	3.13397459622	0.007618057369793263	0.525740861893
273	58041	needles3	1000	3.13397459622	0.007618057369793263	0.537695884705
274	43352	needles3	1000	3.13397459622	0.007618057369793263	0.527626037598
275	9499	needles3	1000	3.13397459622	0.007618057369793263	0.509669065475
276	44982	needles3	1000	3.13397459622	0.007618057369793263	0.530759811401
277	54532	needles3	1000	3.16776407973	0.026171426140206844	0.518569946289
278	9934	needles3	1000	3.1528919479	0.011299294310207042	0.525697946548
279	12400	needles3	1000	3.13397459622	0.007618057369793263	0.525961875916
280	6875	needles3	1000	3.13397459622	0.007618057369793263	0.525777101517
281	47318	needles3	1000	3.13397459622	0.007618057369793263	0.521940946579
282	24680	needles3	1000	3.16776407973	0.026171426140206844	0.531815052032
283	46466	needles3	1000	3.13397459622	0.007618057369793263	0.511610984802
284	27172	needles3	1000	3.13397459622	0.007618057369793263	0.53662109375
285	35831	needles3	1000	3.13397459622	0.007618057369793263	0.538446187973
286	39557	needles3	1000	3.13397459622	0.007618057369793263	0.512895822525
287	7776	needles3	1000	3.13397459622	0.007618057369793263	0.515599012375
288	41922	needles3	1000	3.13397459622	0.007618057369793263	0.5233938694
289	34664	needles3	1000	3.13397459622	0.007618057369793263	0.506445169449
290	58041	needles3	1000	3.13397459622	0.007618057369793263	0.517708063126
291	43352	needles3	1000	3.13397459622	0.007618057369793263	0.522860050201
292	9499	needles3	1000	3.13397459622	0.007618057369793263	0.527056932449
293	44982	needles3	1000	3.13397459622	0.007618057369793263	0.522675991058
294	54532	needles3	1000	3.16776407973	0.026171426140206844	0.513175964355
295	9934	needles3	1000	3.15500798277	0.013415329180206825	0.511442899704
296	12400	needles3	1000	3.13397459622	0.007618057369793263	0.529139041901
297	6875	needles3	1000	3.13397459622	0.007618057369793263	0.53283905983
298	47318	needles3	1000	3.13397459622	0.007618057369793263	0.527038097382
299	24680	needles3	1000	3.16776407973	0.026171426140206844	0.525857925415
300	46466	needles3	1000	3.13397459622	0.007618057369793263	0.525931119919
301	27172	needles3	10000	3.13732107203	0.004271581559792903	1.54726910591
302	35831	needles3	10000	3.13397459622	0.007618057369793263	1.57534813881
303	39557	needles3	10000	3.14067470225	0.00091795133979299948	1.66505599022
304	7776	needles3	10000	3.1389969914	0.0025956621897931242	1.39007401466
305	41922	needles3	10000	3.13397459622	0.007618057369793263	1.3768620491
306	34664	needles3	10000	3.14550812601	0.0039154724202070668	1.38962602615
307	58041	needles3	10000	3.14403550985	0.0024428562602070159	1.56638097763
308	43352	needles3	10000	3.13878740357	0.0028052500197932595	1.48580980301
309	9499	needles3	10000	3.1461396696	0.0045470160102070167	1.66824579239
310	44982	needles3	10000	3.14046489032	0.0011277632697930251	1.46104001999
311	54532	needles3	10000	3.14740351789	0.0058108643002068305	1.48589587212
312	9934	needles3	10000	3.14740351789	0.0058108643002068305	1.43797111511
313	12400	needles3	10000	3.13732107203	0.004271581559792903	1.63542985916
314	6875	needles3	10000	3.13794933204	0.0036433215497932991	1.4837770462
315	47318	needles3	10000	3.1436150156	0.0020223620102068907	1.48020815849
316	24680	needles3	10000	3.147614258	0.0060216044102068267	1.50582313538
317	46466	needles3	10000	3.14046489032	0.0011277632697930251	1.56295609474
318	27172	needles3	10000	3.13732107203	0.004271581559792903	1.43233990669
319	35831	needles3	10000	3.13397459622	0.007618057369793263	1.45283389091
320	39557	needles3	10000	3.14067470225	0.00091795133979299948	1.49363589287
321	7776	needles3	10000	3.1389969914	0.0025956621897931242	1.37968182564
322	41922	needles3	10000	3.13397459622	0.007618057369793263	1.38789081573
323	34664	needles3	10000	3.1461396696	0.0045470160102070167	1.56528496742
324	58041	needles3	10000	3.14403550985	0.0024428562602070159	1.44506287575
325	43352	needles3	10000	3.13941625105	0.0021764025397930098	1.34667086601
326	9499	needles3	10000	3.14677146685	0.0051788132602070824	1.54846811295
327	44982	needles3	10000	3.14067470225	0.00091795133979299948	1.47257494926
328	54532	needles3	10000	3.14740351789	0.0058108643002068305	1.36306500435
329	9934	needles3	10000	3.14740351789	0.0058108643002068305	1.5005428791
330	12400	needles3	10000	3.13732107203	0.004271581559792903	2.47625803947
331	6875	needles3	10000	3.13773988408	0.0038527695097929637	1.49596214294
332	47318	needles3	10000	3.14319463381	0.0016019802202067446	1.473706007
333	24680	needles3	10000	3.14550812601	0.0039154724202070668	1.47348499298
334	46466	needles3	10000	3.13983562271	0.0017570308797929535	1.48159384727
335	27172	needles3	10000	3.13732107203	0.004271581559792903	1.49157500267
336	35831	needles3	10000	3.13397459622	0.007618057369793263	1.56109595299
337	39557	needles3	10000	3.14067470225	0.00091795133979299948	1.57940006256
338	7776	needles3	10000	3.14004535056	0.0015473030297932233	1.55273103714
339	41922	needles3	10000	3.13397459622	0.007618057369793263	1.65643405914
340	34664	needles3	10000	3.1444561166	0.0028634630102066794	1.53970384598
341	58041	needles3	10000	3.14403550985	0.0024428562602070159	1.52640509605
342	43352	needles3	10000	3.13836831185	0.0032243417397932461	1.6319630146
343	9499	needles3	10000	3.1459291269	0.0043364733102069231	1.43290805817
344	44982	needles3	10000	3.14067470225	0.00091795133979299948	1.70620393753
345	54532	needles3	10000	3.14740351789	0.0058108643002068305	1.55300211906
346	9934	needles3	10000	3.14740351789	0.0058108643002068305	1.51188111305
347	12400	needles3	10000	3.13732107203	0.004271581559792903	1.62766194344
348	6875	needles3	10000	3.13878740357	0.0028052500197932595	1.426612854
349	47318	needles3	10000	3.14319463381	0.0016019802202067446	1.6489481926
350	24680	needles3	10000	3.14845750072	0.0068648471302070746	1.64133214951
351	46466	needles3	10000	3.13983562271	0.0017570308797929535	1.54490590096
352	27172	needles3	10000	3.13732107203	0.004271581559792903	1.59203600883
353	35831	needles3	10000	3.13397459622	0.007618057369793263	1.6364569664
354	39557	needles3	10000	3.14067470225	0.00091795133979299948	1.52943587303
355	7776	needles3	10000	3.1389969914	0.0025956621897931242	1.62334918976
356	41922	needles3	10000	3.13397459622	0.007618057369793263	1.41653513908
357	34664	needles3	10000	3.1459291269	0.0043364733102069231	1.6035900116
358	58041	needles3	10000	3.1436150156	0.0020223620102068907	1.42127013206
359	43352	needles3	10000	3.13794933204	0.0036433215497932991	1.7101328373
360	9499	needles3	10000	3.14550812601	0.0039154724202070668	1.48571801186
361	44982	needles3	10000	3.14067470225	0.00091795133979299948	1.62679409981
362	54532	needles3	10000	3.14740351789	0.0058108643002068305	1.59733200073
363	9934	needles3	10000	3.14740351789	0.0058108643002068305	1.61291313171
364	12400	needles3	10000	3.13732107203	0.004271581559792903	1.61297702789
365	6875	needles3	10000	3.13773988408	0.0038527695097929637	1.70191311836
366	47318	needles3	10000	3.14319463381	0.0016019802202067446	1.48003196716
367	24680	needles3	10000	3.14887929153	0.0072866379402070081	1.47719717026
368	46466	needles3	10000	3.13983562271	0.0017570308797929535	1.53871011734
369	27172	needles3	10000	3.13732107203	0.004271581559792903	1.5736811161
370	35831	needles3	10000	3.13397459622	0.007618057369793263	1.61454582214
371	39557	needles3	10000	3.14067470225	0.00091795133979299948	1.42367482185
372	7776	needles3	10000	3.14004535056	0.0015473030297932233	1.6307618618
373	41922	needles3	10000	3.13397459622	0.007618057369793263	1.61322712898
374	34664	needles3	10000	3.14635024049	0.0047575869002067783	1.49200797081
375	58041	needles3	10000	3.14382524866	0.0022325950702066777	1.54638910294
376	43352	needles3	10000	3.13878740357	0.0028052500197932595	1.61356806755
377	9499	needles3	10000	3.14529766782	0.00370501423020686	1.55377101898
378	44982	needles3	10000	3.14067470225	0.00091795133979299948	1.50529885292
379	54532	needles3	10000	3.14740351789	0.0058108643002068305	1.60307884216
380	9934	needles3	10000	3.14740351789	0.0058108643002068305	1.52219319344
381	12400	needles3	10000	3.13732107203	0.004271581559792903	1.52799010277
382	6875	needles3	10000	3.13836831185	0.0032243417397932461	1.51580381393
383	47318	needles3	10000	3.14256427189	0.00097161830020686679	1.5180439949
384	24680	needles3	10000	3.14698212232	0.0053894687302067368	1.49642801285
385	46466	needles3	10000	3.14025510643	0.0013375471597929511	1.61668109894
386	27172	needles3	10000	3.13732107203	0.004271581559792903	1.38636803627
387	35831	needles3	10000	3.13481054569	0.006782107899792944	1.53777289391
388	39557	needles3	10000	3.14067470225	0.00091795133979299948	1.50250506401
389	7776	needles3	10000	3.13941625105	0.0021764025397930098	1.5021109581
390	41922	needles3	10000	3.13397459622	0.007618057369793263	1.41885089874
391	34664	needles3	10000	3.14677146685	0.0051788132602070824	1.4067440033
392	58041	needles3	10000	3.14403550985	0.0024428562602070159	1.49923396111
393	43352	needles3	10000	3.13815880796	0.0034338456297930975	1.64192414284
394	9499	needles3	10000	3.147192806	0.0056001524102069489	1.71433901787
395	44982	needles3	10000	3.14067470225	0.00091795133979299948	1.62167620659
396	54532	needles3	10000	3.14740351789	0.0058108643002068305	1.50117707253
397	9934	needles3	10000	3.14740351789	0.0058108643002068305	1.52440214157
398	12400	needles3	10000	3.13732107203	0.004271581559792903	1.47692298889
399	6875	needles3	10000	3.13773988408	0.0038527695097929637	1.53530097008
400	47318	needles3	10000	3.14277436444	0.0011817108502070184	1.42424297333
401	24680	needles3	100000	3.14176617633	0.0001735227402068773	10.9738678932
402	46466	needles3	100000	3.1389969914	0.0025956621897931242	11.9152469635
403	27172	needles3	100000	3.14298448507	0.0013918314802068288	10.7276060581
404	35831	needles3	100000	3.14067470225	0.00091795133979299948	11.0055780411
405	39557	needles3	100000	3.1409894727	0.00060318088979327555	10.8093149662
406	7776	needles3	100000	3.14403550985	0.0024428562602070159	11.2112379074
407	41922	needles3	100000	3.14302651257	0.0014338589802069812	10.8610501289
408	34664	needles3	100000	3.14254326418	0.00095061059020684624	11.6401870251
409	58041	needles3	100000	3.13828450694	0.0033081466497932865	11.0644059181
410	43352	needles3	100000	3.1397936805	0.0017989730897931544	11.0454010963
411	9499	needles3	100000	3.14277436444	0.0011817108502070184	11.7501680851
412	44982	needles3	100000	3.13908083437	0.0025118192197930433	11.5054199696
413	54532	needles3	100000	3.14168218985	8.9536260206912743e-05	12.0101811886
414	9934	needles3	100000	3.14090552775	0.00068712583979291253	12.6922650337
415	12400	needles3	100000	3.13983562271	0.0017570308797929535	10.7757899761
416	6875	needles3	100000	3.14122034448	0.0003723091097929121	10.7746150494
417	47318	needles3	100000	3.1436150156	0.0020223620102068907	10.541932106
418	24680	needles3	100000	3.14172418253	0.00013152894020684869	11.0069210529
419	46466	needles3	100000	3.1389969914	0.0025956621897931242	12.3683729172
420	27172	needles3	100000	3.14298448507	0.0013918314802068288	11.0578501225
421	35831	needles3	100000	3.14067470225	0.00091795133979299948	11.905009985
422	39557	needles3	100000	3.14101045965	0.00058219393979319634	11.3163161278
423	7776	needles3	100000	3.14405653751	0.0024638839202069107	11.0741100311
424	41922	needles3	100000	3.14302651257	0.0014338589802069812	11.774627924
425	34664	needles3	100000	3.14252225675	0.00092960316020684886	11.5134210587
426	58041	needles3	100000	3.13822165619	0.0033709973997932963	10.536850214
427	43352	needles3	100000	3.13977270982	0.0018199437697932197	11.7217907906
428	9499	needles3	100000	3.14281638632	0.0012237327302067058	11.1033279896
429	44982	needles3	100000	3.13905987321	0.0025327803797932091	10.9357011318
430	54532	needles3	100000	3.14168218985	8.9536260206912743e-05	12.6609649658
431	9934	needles3	100000	3.14088454221	0.00070811137979331917	12.3016760349
432	12400	needles3	100000	3.13991951049	0.0016731430997931618	12.6504900455
433	6875	needles3	100000	3.14115737608	0.00043527750979333035	10.957379818
434	47318	needles3	100000	3.14369910545	0.0021064518602069704	10.4415409565
435	24680	needles3	100000	3.14178717365	0.00019452006020692636	11.034277916
436	46466	needles3	100000	3.1389969914	0.0025956621897931242	10.9785568714
437	27172	needles3	100000	3.14302651257	0.0014338589802069812	10.8434228897
438	35831	needles3	100000	3.14065371979	0.00093893379979315128	10.1855969429
439	39557	needles3	100000	3.14101045965	0.00058219393979319634	10.9065799713
440	7776	needles3	100000	3.14403550985	0.0024428562602070159	10.8574829102
441	41922	needles3	100000	3.14302651257	0.0014338589802069812	10.9999499321
442	34664	needles3	100000	3.14252225675	0.00092960316020684886	11.620716095
443	58041	needles3	100000	3.13826355641	0.0033290971797930169	10.8097109795
444	43352	needles3	100000	3.13975173942	0.0018409141697932618	12.3771400452
445	9499	needles3	100000	3.14281638632	0.0012237327302067058	10.9348490238
446	44982	needles3	100000	3.13910179582	0.0024908577697932976	10.8676328659
447	54532	needles3	100000	3.14168218985	8.9536260206912743e-05	12.3594760895
448	9934	needles3	100000	3.14084257197	0.00075008161979317478	12.2601821423
449	12400	needles3	100000	3.13991951049	0.0016731430997931618	10.7159430981
450	6875	needles3	100000	3.14111539855	0.00047725503979290096	12.2334179878
451	47318	needles3	100000	3.1436150156	0.0020223620102068907	11.9903259277
452	24680	needles3	100000	3.14172418253	0.00013152894020684869	10.7566690445
453	46466	needles3	100000	3.1389969914	0.0025956621897931242	11.3079628944
454	27172	needles3	100000	3.14298448507	0.0013918314802068288	10.5459010601
455	35831	needles3	100000	3.14067470225	0.00091795133979299948	10.7876679897
456	39557	needles3	100000	3.14101045965	0.00058219393979319634	10.6636149883
457	7776	needles3	100000	3.14403550985	0.0024428562602070159	10.8688220978
458	41922	needles3	100000	3.14302651257	0.0014338589802069812	10.9138438702
459	34664	needles3	100000	3.14256427189	0.00097161830020686679	11.1055188179
460	58041	needles3	100000	3.13822165619	0.0033709973997932963	10.9025840759
461	43352	needles3	100000	3.13975173942	0.0018409141697932618	12.4224100113
462	9499	needles3	100000	3.14285840932	0.00126575573020693	10.7257778645
463	44982	needles3	100000	3.13912275754	0.0024698960497930855	11.1882970333
464	54532	needles3	100000	3.14161920294	2.6549350206739319e-05	10.8069090843
465	9934	needles3	100000	3.14088454221	0.00070811137979331917	12.3644180298
466	12400	needles3	100000	3.13996145606	0.0016311975297931269	11.2933990955
467	6875	needles3	100000	3.14113638718	0.00045626640979312683	10.6453578472
468	47318	needles3	100000	3.1436150156	0.0020223620102068907	12.1736609936
469	24680	needles3	100000	3.14168218985	8.9536260206912743e-05	10.9253082275
470	46466	needles3	100000	3.1389969914	0.0025956621897931242	10.7433960438
471	27172	needles3	100000	3.14300549868	0.0014128450902068934	10.5923349857
472	35831	needles3	100000	3.14065371979	0.00093893379979315128	10.5606930256
473	39557	needles3	100000	3.14101045965	0.00058219393979319634	10.9934411049
474	7776	needles3	100000	3.14403550985	0.0024428562602070159	10.5758788586
475	41922	needles3	100000	3.14302651257	0.0014338589802069812	12.254876852
476	34664	needles3	100000	3.14256427189	0.00097161830020686679	10.7278068066
477	58041	needles3	100000	3.13826355641	0.0033290971797930169	10.9012160301
478	43352	needles3	100000	3.13973076929	0.0018618842997932816	12.1109960079
479	9499	needles3	100000	3.14283739768	0.0012447440902070284	12.0940561295
480	44982	needles3	100000	3.13912275754	0.0024698960497930855	10.6098549366
481	54532	needles3	100000	3.14168218985	8.9536260206912743e-05	11.4161469936
482	9934	needles3	100000	3.14086355695	0.00072909663979325856	10.5366899967
483	12400	needles3	100000	3.14004535056	0.0015473030297932233	12.4661781788
484	6875	needles3	100000	3.14111539855	0.00047725503979290096	12.4425151348
485	47318	needles3	100000	3.14359399384	0.0020013402502070399	11.859926939
486	24680	needles3	100000	3.14168218985	8.9536260206912743e-05	12.7614970207
487	46466	needles3	100000	3.1389969914	0.0025956621897931242	11.3530058861
488	27172	needles3	100000	3.14298448507	0.0013918314802068288	12.2347419262
489	35831	needles3	100000	3.14067470225	0.00091795133979299948	12.5244910717
490	39557	needles3	100000	3.14101045965	0.00058219393979319634	10.5635159016
491	7776	needles3	100000	3.14403550985	0.0024428562602070159	11.3427858353
492	41922	needles3	100000	3.14302651257	0.0014338589802069812	10.7939538956
493	34664	needles3	100000	3.14258527988	0.00099262629020691051	11.2095570564
494	58041	needles3	100000	3.13828450694	0.0033081466497932865	12.1594400406
495	43352	needles3	100000	3.13968882989	0.0019038236997932501	11.225538969
496	9499	needles3	100000	3.14281638632	0.0012237327302067058	11.0477240086
497	44982	needles3	100000	3.13903891233	0.0025537412597929077	10.8542189598
498	54532	needles3	100000	3.14168218985	8.9536260206912743e-05	11.6895649433
499	9934	needles3	100000	3.14086355695	0.00072909663979325856	11.4138870239
500	12400	needles3	100000	3.14006632489	0.0015263286997933001	10.554805994
501	6875	needles3	1000000	3.14115947499	0.00043317859979330464	102.277816057
502	47318	needles3	1000000	3.14197196218	0.00037930859020685048	101.109548092
503	24680	needles3	1000000	3.14238781586	0.00079516227020670627	106.339293003
504	46466	needles3	1000000	3.14107971854	0.00051293504979321725	116.087225914
505	27172	needles3	1000000	3.1427764655	0.0011838119102067779	103.838024855
506	35831	needles3	1000000	3.14123923549	0.00035341809979305694	101.729239941
507	39557	needles3	1000000	3.14134628884	0.00024636474979322642	101.427546024
508	7776	needles3	1000000	3.14124553254	0.00034712104979295333	106.658209085
509	41922	needles3	1000000	3.14178507391	0.00019242032020683197	102.92723012
510	34664	needles3	1000000	3.14121614651	0.00037650707979297593	103.040410042
511	58041	needles3	1000000	3.14148693865	0.00010571493979316671	107.568236113
512	43352	needles3	1000000	3.14247394073	0.0008812871402068545	103.701497793
513	9499	needles3	1000000	3.14193206282	0.00033940923020692182	115.793557882
514	44982	needles3	1000000	3.14146384602	0.00012880756979294361	103.318072081
515	54532	needles3	1000000	3.14078591393	0.00080673965979327633	107.026837111
516	9934	needles3	1000000	3.14137777651	0.00021487707979295223	99.2841100693
517	12400	needles3	1000000	3.14130010807	0.0002925455197932969	104.760958195
518	6875	needles3	1000000	3.14116996956	0.00042268402979317443	100.507945061
519	47318	needles3	1000000	3.14197616218	0.00038350859020708228	101.309546947
520	24680	needles3	1000000	3.14239201697	0.00079936338020702991	100.03025198
521	46466	needles3	1000000	3.14107971854	0.00051293504979321725	106.267966032
522	27172	needles3	1000000	3.1427764655	0.0011838119102067779	106.918245077
523	35831	needles3	1000000	3.14124343352	0.00034922006979298814	101.488695145
524	39557	needles3	1000000	3.14135258632	0.00024006726979308723	104.593991995
525	7776	needles3	1000000	3.14124973059	0.00034292299979332697	103.110425949
526	41922	needles3	1000000	3.14178717365	0.00019452006020692636	100.391810894
527	34664	needles3	1000000	3.14120984957	0.00038280401979307044	114.337534904
528	58041	needles3	1000000	3.14148903799	0.00010361559979310542	104.545248985
529	43352	needles3	1000000	3.1424760414	0.00088338781020702584	115.864449024
530	9499	needles3	1000000	3.14192786295	0.00033520936020670078	102.155801058
531	44982	needles3	1000000	3.1414575481	0.0001351054897931192	101.621222019
532	54532	needles3	1000000	3.14077961872	0.0008130348697932277	102.667813063
533	9934	needles3	1000000	3.14137987571	0.00021277787979290252	106.126514912
534	12400	needles3	1000000	3.14130850447	0.00028414911979313118	101.884123802
535	6875	needles3	1000000	3.14117836527	0.0004142883197930658	102.885545969
536	47318	needles3	1000000	3.14195936227	0.00036670868020705072	102.637510061
537	24680	needles3	1000000	3.14238781586	0.00079516227020670627	104.193231106
538	46466	needles3	1000000	3.14107761974	0.00051503384979323386	100.426903963
539	27172	needles3	1000000	3.14277856657	0.0011859129802069823	101.849036932
540	35831	needles3	1000000	3.14124763157	0.00034502201979291769	104.503017902
541	39557	needles3	1000000	3.14134209053	0.00025056305979331839	101.55228281
542	7776	needles3	1000000	3.14124763157	0.00034502201979291769	100.732825041
543	41922	needles3	1000000	3.14178297417	0.00019032058020673759	119.619477034
544	34664	needles3	1000000	3.1412077506	0.00038490298979310111	104.112568855
545	58041	needles3	1000000	3.14148273996	0.00010991362979329011	111.937715054
546	43352	needles3	1000000	3.14248864545	0.00089599186020672406	102.536320925
547	9499	needles3	1000000	3.14193416276	0.00034150917020703275	102.694879055
548	44982	needles3	1000000	3.14145544879	0.00013720479979317801	100.896174908
549	54532	needles3	1000000	3.14077752032	0.00081513326979321121	105.265191078
550	9934	needles3	1000000	3.14137357812	0.00021907546979305081	104.763506889
551	12400	needles3	1000000	3.14129381079	0.00029884279979297546	111.875583887
552	6875	needles3	1000000	3.14115317828	0.00043947530979293603	102.192828178
553	47318	needles3	1000000	3.14196566222	0.00037300863020695019	105.0344491
554	24680	needles3	1000000	3.14239201697	0.00079936338020702991	100.043765068
555	46466	needles3	1000000	3.14107971854	0.00051293504979321725	101.808140039
556	27172	needles3	1000000	3.14278276872	0.0011901151302069479	112.909493208
557	35831	needles3	1000000	3.14124973059	0.00034292299979332697	105.116474152
558	39557	needles3	1000000	3.14134209053	0.00025056305979331839	105.210514069
559	7776	needles3	1000000	3.14124343352	0.00034922006979298814	103.456850052
560	41922	needles3	1000000	3.14177667496	0.00018402137020689935	104.986044884
561	34664	needles3	1000000	3.1412077506	0.00038490298979310111	103.106026173
562	58041	needles3	1000000	3.14148903799	0.00010361559979310542	102.353296041
563	43352	needles3	1000000	3.14248654477	0.00089389118020699598	100.483886957
564	9499	needles3	1000000	3.14193416276	0.00034150917020703275	104.014750957
565	44982	needles3	1000000	3.14146384602	0.00012880756979294361	104.014221907
566	54532	needles3	1000000	3.14078591393	0.00080673965979327633	105.023962975
567	9934	needles3	1000000	3.14138617333	0.00020648025979319584	102.609114885
568	12400	needles3	1000000	3.14130010807	0.0002925455197932969	105.498210907
569	6875	needles3	1000000	3.14116787064	0.00042478294979320097	103.841364145
570	47318	needles3	1000000	3.14197826218	0.00038560859020675409	117.953636885
571	24680	needles3	1000000	3.14238991641	0.00079726282020686767	104.129216909
572	46466	needles3	1000000	3.14107971854	0.00051293504979321725	102.057425022
573	27172	needles3	1000000	3.14278066765	0.0011880140602067435	106.847898006
574	35831	needles3	1000000	3.14123713648	0.00035551710979309092	101.087743044
575	39557	needles3	1000000	3.141348388	0.00024426558979318003	101.149173021
576	7776	needles3	1000000	3.14125182962	0.00034082396979329133	103.484142065
577	41922	needles3	1000000	3.14178717365	0.00019452006020692636	103.34190011
578	34664	needles3	1000000	3.14120355266	0.00038910092979316246	102.916457176
579	58041	needles3	1000000	3.14148273996	0.00010991362979329011	105.442502975
580	43352	needles3	1000000	3.14248024274	0.00088758915020692442	101.87994504
581	9499	needles3	1000000	3.14192996288	0.00033730929020681089	117.246670961
582	44982	needles3	1000000	3.14146174671	0.00013090687979300242	104.108124018
583	54532	needles3	1000000	3.14078591393	0.00080673965979327633	103.20536685
584	9934	needles3	1000000	3.14137987571	0.00021277787979290252	100.228244066
585	12400	needles3	1000000	3.14130220716	0.0002904464297932563	100.104216099
586	6875	needles3	1000000	3.14117626634	0.00041638724979309316	104.985521793
587	47318	needles3	1000000	3.14197196218	0.00037930859020685048	101.333007097
588	24680	needles3	1000000	3.14239201697	0.00079936338020702991	101.955353022
589	46466	needles3	1000000	3.14108181734	0.00051083624979320064	102.766386032
590	27172	needles3	1000000	3.14277226337	0.001179609780206814	101.449471951
591	35831	needles3	1000000	3.14123713648	0.00035551710979309092	105.041119099
592	39557	needles3	1000000	3.14134628884	0.00024636474979322642	118.398019075
593	7776	needles3	1000000	3.14123923549	0.00035341809979305694	104.614618778
594	41922	needles3	1000000	3.1417892734	0.00019661981020702157	103.616544962
595	34664	needles3	1000000	3.1412077506	0.00038490298979310111	103.509479046
596	58041	needles3	1000000	3.14148903799	0.00010361559979310542	103.420896053
597	43352	needles3	1000000	3.14248024274	0.00088758915020692442	101.551934958
598	9499	needles3	1000000	3.14193206282	0.00033940923020692182	101.840260983
599	44982	needles3	1000000	3.1414596474	0.00013300618979306122	103.635247946
600	54532	needles3	1000000	3.14079011076	0.00080254282979330682	100.549155951
