sampleId	seedInit	solverName	signifDigits	piHat	OFtol	error	isCensored	numThrows	runtime
1	17530	Needles_3	2	3.15	0.005	0.00494296305148	False	167	0.1025
2	8366	Needles_3	2	3.14	0.005	0.00281114261317	False	201	0.1191
3	27063	Needles_3	2	3.14	0.005	0.00231530109238	False	211	0.1188
4	49861	Needles_3	2	3.14	0.005	0.00354001626009	False	513	0.2802
5	55169	Needles_3	2	3.15	0.005	0.00498083547488	False	333	0.1774
6	63848	Needles_3	2	3.15	0.005	0.00494296305148	False	167	0.0939
7	11863	Needles_3	2	3.15	0.005	0.00494296305148	False	167	0.118
8	49608	Needles_3	2	3.15	0.005	0.00494296305148	False	167	0.0885
9	23346	Needles_3	2	3.14	0.005	0.00131227347843	False	332	0.185
10	29065	Needles_3	2	3.15	0.005	0.00494296305148	False	167	0.1245
11	42042	Needles_3	2	3.14	0.005	0.000797655641445	False	307	0.1825
12	65276	Needles_3	2	3.14	0.005	0.000992318270182	False	316	0.2076
13	8039	Needles_3	2	3.14	0.005	0.00177108984398	False	358	0.2129
14	14445	Needles_3	2	3.15	0.005	0.00498083547488	False	333	0.2122
15	20062	Needles_3	2	3.14	0.005	0.0024379340747	False	404	0.2269
16	43831	Needles_3	2	3.14	0.005	0.0032225810822	False	476	0.2723
17	32756	Needles_3	2	3.15	0.005	0.00494296305148	False	167	0.0895
18	46393	Needles_3	2	3.14	0.005	0.00388268836802	False	560	0.2992
19	32616	Needles_3	2	3.15	0.005	0.00494296305148	False	167	0.0872
20	56996	Needles_3	2	3.14	0.005	0.000761553845596	False	250	0.1308
21	41906	Needles_3	2	3.14	0.005	0.00335704500684	False	491	0.2683
22	7212	Needles_3	2	3.14	0.005	0.00497446851197	False	791	0.4243
23	12793	Needles_3	2	3.14	0.005	0.00444441221351	False	659	0.3554
24	62590	Needles_3	2	3.14	0.005	0.00167123650855	False	352	0.1887
25	8170	Needles_3	2	3.14	0.005	0.00245903135958	False	208	0.1113
26	1588	Needles_3	2	3.14	0.005	0.00318875157824	False	194	0.1033
27	9603	Needles_3	2	3.15	0.005	0.00494296305148	False	167	0.0912
28	25600	Needles_3	2	3.15	0.005	0.00494296305148	False	167	0.0894
29	37047	Needles_3	2	3.14	0.005	0.00281114261317	False	201	0.1067
30	51733	Needles_3	2	3.15	0.005	0.00494296305148	False	167	0.0887
31	57493	Needles_3	2	3.14	0.005	0.000110609940726	False	271	0.1395
32	52937	Needles_3	2	3.15	0.005	0.00486789719236	False	168	0.0899
33	59814	Needles_3	2	3.14	0.005	0.00488096165701	False	764	0.4075
34	30205	Needles_3	2	3.15	0.005	0.00498083547488	False	333	0.1762
35	21990	Needles_3	2	3.14	0.005	0.000471022947286	False	293	0.1533
36	41016	Needles_3	2	3.15	0.005	0.00479372320484	False	169	0.0893
37	4802	Needles_3	2	3.14	0.005	0.00169538867693	False	225	0.1228
38	37038	Needles_3	2	3.14	0.005	0.00472560273998	False	723	0.3821
39	13685	Needles_3	2	3.14	0.005	0.00255100063015	False	413	0.2188
40	50206	Needles_3	2	3.15	0.005	0.00494296305148	False	167	0.0882
41	20104	Needles_3	2	3.14	0.005	0.0026069820914	False	205	0.1101
42	26678	Needles_3	2	3.14	0.005	0.00127397924424	False	330	0.1951
43	11586	Needles_3	2	3.14	0.005	0.00482982374771	False	750	0.3982
44	3002	Needles_3	2	3.14	0.005	0.0013501081818	False	334	0.1768
45	22871	Needles_3	2	3.14	0.005	0.00412031786953	False	598	0.3216
46	50592	Needles_3	2	3.14	0.005	0.0010393310131	False	242	0.1286
47	8872	Needles_3	2	3.14	0.005	0.000197340621318	False	268	0.145
48	61683	Needles_3	2	3.15	0.005	0.00494296305148	False	167	0.0871
49	22932	Needles_3	2	3.14	0.005	0.0014790278028	False	341	0.1814
50	14253	Needles_3	2	3.14	0.005	0.000885566297507	False	311	0.187
51	54433	Needles_3	2	3.14	0.005	0.00357943031725	False	518	0.2762
52	22304	Needles_3	2	3.15	0.005	0.00494296305148	False	167	0.0901
53	18046	Needles_3	2	3.15	0.005	0.00494296305148	False	167	0.0885
54	15853	Needles_3	2	3.14	0.005	0.00231530109238	False	211	0.112
55	14748	Needles_3	2	3.14	0.005	0.00430343590811	False	631	0.334
56	32259	Needles_3	2	3.14	0.005	0.0031663889137	False	470	0.2475
57	52594	Needles_3	2	3.15	0.005	0.00494296305148	False	167	0.0904
58	30067	Needles_3	2	3.15	0.005	0.00494296305148	False	167	0.0906
59	50895	Needles_3	2	3.14	0.005	0.00199153206684	False	372	0.2002
60	54882	Needles_3	2	3.14	0.005	0.000139305487688	False	270	0.1443
61	2143	Needles_3	2	3.14	0.005	0.00230623602471	False	394	0.2098
62	61237	Needles_3	2	3.14	0.005	0.00497446851197	False	791	0.4148
63	45311	Needles_3	2	3.15	0.005	0.00494296305148	False	167	0.0877
64	25138	Needles_3	2	3.14	0.005	0.00404250164552	False	585	0.3143
65	57489	Needles_3	2	3.14	0.005	0.00280765891496	False	435	0.235
66	4336	Needles_3	2	3.15	0.005	0.00494296305148	False	167	0.0891
67	36817	Needles_3	2	3.15	0.005	0.00494296305148	False	167	0.089
68	29401	Needles_3	2	3.14	0.005	0.00468087406007	False	712	0.4196
69	21355	Needles_3	2	3.15	0.005	0.00494296305148	False	167	0.0892
70	12475	Needles_3	2	3.15	0.005	0.00494296305148	False	167	0.0873
71	26288	Needles_3	2	3.14	0.005	0.00294745439925	False	448	0.2417
72	38028	Needles_3	2	3.14	0.005	0.00437545561922	False	645	0.3322
73	22679	Needles_3	2	3.14	0.005	0.00188342865289	False	365	0.1951
74	36417	Needles_3	2	3.14	0.005	0.00269429524349	False	425	0.2281
75	27870	Needles_3	2	3.14	0.005	0.00342544921876	False	499	0.3105
76	65046	Needles_3	2	3.14	0.005	0.00398656885023	False	576	0.2983
77	26563	Needles_3	2	3.15	0.005	0.00494296305148	False	167	0.092
78	46270	Needles_3	2	3.14	0.005	0.00285155608721	False	439	0.2849
79	41150	Needles_3	2	3.14	0.005	0.00391578378154	False	565	0.3487
80	9547	Needles_3	2	3.15	0.005	0.00494296305148	False	167	0.0866
81	15639	Needles_3	2	3.14	0.005	0.00231970640852	False	395	0.249
82	17464	Needles_3	2	3.14	0.005	0.00136885578656	False	335	0.177
83	63346	Needles_3	2	3.15	0.005	0.00457639630754	False	172	0.0945
84	43206	Needles_3	2	3.15	0.005	0.00494296305148	False	167	0.1221
85	42727	Needles_3	2	3.14	0.005	0.00430868610051	False	632	0.3706
86	13037	Needles_3	2	3.15	0.005	0.00498083547488	False	333	0.1737
87	15338	Needles_3	2	3.14	0.005	0.000346654598789	False	288	0.1644
88	4807	Needles_3	2	3.14	0.005	0.00335908657048	False	191	0.1028
89	48073	Needles_3	2	3.14	0.005	0.00320400864717	False	474	0.2642
90	18898	Needles_3	2	3.14	0.005	0.00165405681576	False	226	0.12
91	34790	Needles_3	2	3.14	0.005	0.00363334714382	False	525	0.2769
92	31925	Needles_3	2	3.14	0.005	0.00320400864717	False	474	0.2512
93	27123	Needles_3	2	3.14	0.005	0.000438432590333	False	260	0.1374
94	59267	Needles_3	2	3.14	0.005	0.00111603539038	False	322	0.1703
95	9813	Needles_3	2	3.15	0.005	0.00499351041738	False	499	0.2665
96	37342	Needles_3	2	3.15	0.005	0.00494296305148	False	167	0.0879
97	32591	Needles_3	2	3.15	0.005	0.00494296305148	False	167	0.0865
98	44836	Needles_3	2	3.14	0.005	0.00191473690796	False	367	0.1898
99	30683	Needles_3	2	3.14	0.005	0.000217881232046	False	283	0.1476
100	50235	Needles_3	2	3.14	0.005	0.00209563517826	False	379	0.1987
101	36971	Needles_3	3	3.142	0.0005	0.000493167721117	False	1033	0.5799
102	38963	Needles_3	3	3.142	0.0005	0.000497105846265	False	2065	1.2048
103	63752	Needles_3	3	3.142	0.0005	0.000485302926261	False	517	0.2804
104	49657	Needles_3	3	3.142	0.0005	0.000469619003099	False	259	0.147
105	61605	Needles_3	3	3.141	0.0005	0.000413518072587	False	872	0.4806
106	30536	Needles_3	3	3.141	0.0005	0.000324443768493	False	2297	1.2897
107	43677	Needles_3	3	3.142	0.0005	0.000494742512425	False	1291	0.689
108	28922	Needles_3	3	3.142	0.0005	0.000469619003099	False	259	0.1445
109	28541	Needles_3	3	3.141	0.0005	0.000176883026272	False	2533	1.4397
110	32310	Needles_3	3	3.142	0.0005	0.000485302926261	False	517	0.2792
111	48615	Needles_3	3	3.142	0.0005	0.000469619003099	False	259	0.1392
112	12830	Needles_3	3	3.142	0.0005	0.000177899332772	False	1612	0.8485
113	9886	Needles_3	3	3.142	0.0005	0.00049754365179	False	2323	1.2821
114	29060	Needles_3	3	3.142	0.0005	0.000490544427102	False	775	0.4116
115	52748	Needles_3	3	3.142	0.0005	0.000496543022849	False	1807	0.9534
116	64075	Needles_3	3	3.142	0.0005	0.000490544427102	False	775	0.4417
117	13576	Needles_3	3	3.142	0.0005	0.000469619003099	False	259	0.142
118	24036	Needles_3	3	3.142	0.0005	0.000469619003099	False	259	0.1392
119	55839	Needles_3	3	3.142	0.0005	0.000485302926261	False	517	0.282
120	64296	Needles_3	3	3.142	0.0005	0.000469619003099	False	259	0.1393
121	19345	Needles_3	3	3.142	0.0005	0.000469619003099	False	259	0.1418
122	17486	Needles_3	3	3.142	0.0005	0.000469619003099	False	259	0.14
123	40969	Needles_3	3	3.142	0.0005	3.22458309658e-05	False	3037	1.6928
124	19581	Needles_3	3	3.142	0.0005	0.000278571529619	False	1061	0.6072
125	55861	Needles_3	3	3.142	0.0005	0.000469619003099	False	259	0.1395
126	1732	Needles_3	3	3.142	0.0005	0.000168214914502	False	269	0.148
127	44990	Needles_3	3	3.142	0.0005	0.000496543022849	False	1807	1.024
128	51826	Needles_3	3	3.142	0.0005	0.000469619003099	False	259	0.1392
129	65211	Needles_3	3	3.142	0.0005	0.000469619003099	False	259	0.1445
130	52355	Needles_3	3	3.142	0.0005	0.000498621528209	False	3355	1.9125
131	28420	Needles_3	3	3.142	0.0005	0.000490544427102	False	775	0.4214
132	27559	Needles_3	3	3.141	0.0005	0.000287122646242	False	3428	1.9785
133	22313	Needles_3	3	3.142	0.0005	0.000197340621318	False	804	0.4328
134	43101	Needles_3	3	3.141	0.0005	0.000340322462846	False	1151	0.6211
135	38175	Needles_3	3	3.142	0.0005	0.000490544427102	False	775	0.4142
136	34044	Needles_3	3	3.142	0.0005	0.000469619003099	False	259	0.1406
137	30432	Needles_3	3	3.142	0.0005	0.000469619003099	False	259	0.1361
138	2627	Needles_3	3	3.142	0.0005	0.000469619003099	False	259	0.1423
139	36628	Needles_3	3	3.142	0.0005	0.000469619003099	False	259	0.1389
140	59061	Needles_3	3	3.142	0.0005	0.000490544427102	False	775	0.4177
141	16022	Needles_3	3	3.141	0.0005	0.00042178964469	False	291	0.1916
142	33516	Needles_3	3	3.142	0.0005	0.000469619003099	False	259	0.1372
143	59317	Needles_3	3	3.142	0.0005	0.000469619003099	False	259	0.1417
144	41706	Needles_3	3	3.142	0.0005	0.000485302926261	False	517	0.2846
145	48309	Needles_3	3	3.142	0.0005	2.08022668469e-06	False	275	0.1451
146	34843	Needles_3	3	3.142	0.0005	0.000485302926261	False	517	0.2712
147	9057	Needles_3	3	3.142	0.0005	0.000469619003099	False	259	0.14
148	54872	Needles_3	3	3.142	0.0005	0.000469619003099	False	259	0.1416
149	18603	Needles_3	3	3.142	0.0005	0.000124931127845	False	1623	0.9177
150	49238	Needles_3	3	3.142	0.0005	0.000469619003099	False	259	0.1393
151	37084	Needles_3	3	3.142	0.0005	0.000469619003099	False	259	0.139
152	62991	Needles_3	3	3.142	0.0005	0.000469619003099	False	259	0.1409
153	25229	Needles_3	3	3.142	0.0005	0.000485302926261	False	517	0.2785
154	2048	Needles_3	3	3.142	0.0005	0.000469619003099	False	259	0.1412
155	64906	Needles_3	3	3.142	0.0005	0.000146512700009	False	1079	0.5864
156	29032	Needles_3	3	3.141	0.0005	0.000346654598789	False	288	0.1762
157	12407	Needles_3	3	3.142	0.0005	0.000485302926261	False	517	0.2997
158	40437	Needles_3	3	3.141	0.0005	0.000452639606377	False	1169	0.6271
159	51838	Needles_3	3	3.142	0.0005	0.000177899332772	False	806	0.4725
160	14845	Needles_3	3	3.142	0.0005	0.000469619003099	False	259	0.1379
161	48063	Needles_3	3	3.142	0.0005	0.000469619003099	False	259	0.1403
162	60134	Needles_3	3	3.141	0.0005	0.000426743477454	False	1456	0.7935
163	2639	Needles_3	3	3.142	0.0005	0.000498419404572	False	3097	1.6705
164	25064	Needles_3	3	3.142	0.0005	0.000469619003099	False	259	0.163
165	9531	Needles_3	3	3.142	0.0005	0.000494742512425	False	1291	0.6896
166	14644	Needles_3	3	3.142	0.0005	5.17256595636e-05	False	1384	0.7442
167	58417	Needles_3	3	3.142	0.0005	0.000493167721117	False	1033	0.5776
168	44882	Needles_3	3	3.142	0.0005	0.000469619003099	False	259	0.1446
169	5847	Needles_3	3	3.142	0.0005	0.000485302926261	False	1034	0.5584
170	59378	Needles_3	3	3.142	0.0005	0.000469619003099	False	259	0.141
171	11873	Needles_3	3	3.142	0.0005	0.000469619003099	False	259	0.1416
172	58285	Needles_3	3	3.142	0.0005	0.000469619003099	False	259	0.1392
173	24490	Needles_3	3	3.142	0.0005	0.000496543022849	False	1807	0.9873
174	42872	Needles_3	3	3.142	0.0005	0.000493167721117	False	1033	0.5565
175	24922	Needles_3	3	3.142	0.0005	0.000469619003099	False	259	0.1403
176	33841	Needles_3	3	3.142	0.0005	0.000469619003099	False	259	0.1382
177	21407	Needles_3	3	3.142	0.0005	0.000469619003099	False	259	0.1413
178	20220	Needles_3	3	3.142	0.0005	0.000469619003099	False	259	0.1395
179	37155	Needles_3	3	3.142	0.0005	0.000469619003099	False	259	0.138
180	21918	Needles_3	3	3.142	0.0005	0.000469619003099	False	259	0.1413
181	51009	Needles_3	3	3.142	0.0005	0.000494742512425	False	1291	0.7265
182	28547	Needles_3	3	3.142	0.0005	0.000469619003099	False	259	0.1408
183	13212	Needles_3	3	3.142	0.0005	0.000498621528209	False	3355	1.7995
184	62839	Needles_3	3	3.142	0.0005	0.000485302926261	False	517	0.2845
185	23370	Needles_3	3	3.142	0.0005	0.000469619003099	False	259	0.1449
186	42644	Needles_3	3	3.142	0.0005	0.000469619003099	False	259	0.1392
187	31139	Needles_3	3	3.142	0.0005	0.000110609940726	False	1626	0.8624
188	39943	Needles_3	3	3.142	0.0005	0.000493167721117	False	1033	0.5569
189	19123	Needles_3	3	3.142	0.0005	0.000493167721117	False	1033	0.5748
190	56330	Needles_3	3	3.142	0.0005	0.000496543022849	False	1807	0.9828
191	8295	Needles_3	3	3.142	0.0005	0.000469619003099	False	259	0.1377
192	55849	Needles_3	3	3.142	0.0005	0.000469619003099	False	259	0.1423
193	46550	Needles_3	3	3.141	0.0005	0.000384417221397	False	579	0.3153
194	56822	Needles_3	3	3.142	0.0005	0.000469619003099	False	259	0.1403
195	20111	Needles_3	3	3.142	0.0005	0.000469619003099	False	259	0.1407
196	23963	Needles_3	3	3.142	0.0005	0.000469619003099	False	259	0.1407
197	53157	Needles_3	3	3.142	0.0005	0.000485302926261	False	517	0.2723
198	53834	Needles_3	3	3.142	0.0005	0.000490544427102	False	775	0.424
199	13758	Needles_3	3	3.142	0.0005	0.000498419404572	False	3097	1.6463
200	53399	Needles_3	3	3.142	0.0005	0.000469619003099	False	259	0.1378
201	52070	Needles_3	4	3.1416	5e-05	4.98287402415e-05	False	1912	1.0908
202	37383	Needles_3	4	3.1416	5e-05	4.68147657022e-05	False	1093	0.6004
203	51049	Needles_3	4	3.1416	5e-05	2.57831043426e-05	False	274	0.1483
204	31284	Needles_3	4	3.1416	5e-05	2.57831043426e-05	False	274	0.1581
205	53404	Needles_3	4	3.1416	5e-05	2.57831043426e-05	False	274	0.1541
206	10187	Needles_3	4	3.1416	5e-05	2.57831043426e-05	False	274	0.1538
207	7795	Needles_3	4	3.1416	5e-05	2.57831043426e-05	False	274	0.1508
208	7616	Needles_3	4	3.1416	5e-05	4.87324752889e-05	False	3005	1.6564
209	44165	Needles_3	4	3.1416	5e-05	2.57831043426e-05	False	274	0.1465
210	52256	Needles_3	4	3.1416	5e-05	4.97105005088e-05	False	9287	5.102
211	13593	Needles_3	4	3.1416	5e-05	3.97913642298e-05	False	547	0.2998
212	32549	Needles_3	4	3.1416	5e-05	2.57831043426e-05	False	274	0.1634
213	36327	Needles_3	4	3.1416	5e-05	4.44722008672e-05	False	820	0.4484
214	3077	Needles_3	4	3.1416	5e-05	2.57831043426e-05	False	274	0.1493
215	52681	Needles_3	4	3.1416	5e-05	2.57831043426e-05	False	274	0.1547
216	35658	Needles_3	4	3.1416	5e-05	2.57831043426e-05	False	274	0.1489
217	21400	Needles_3	4	3.1416	5e-05	3.97913642298e-05	False	547	0.2985
218	53746	Needles_3	4	3.1416	5e-05	3.2918160437e-05	False	13961	7.632
219	15823	Needles_3	4	3.1416	5e-05	3.97913642298e-05	False	547	0.296
220	51165	Needles_3	4	3.1416	5e-05	4.44722008672e-05	False	820	0.4448
221	37412	Needles_3	4	3.1416	5e-05	3.97913642298e-05	False	547	0.3009
222	62909	Needles_3	4	3.1416	5e-05	2.57831043426e-05	False	274	0.1529
223	50178	Needles_3	4	3.1416	5e-05	4.44722008672e-05	False	820	0.4555
224	14227	Needles_3	4	3.1416	5e-05	3.97913642298e-05	False	547	0.2967
225	23248	Needles_3	4	3.1416	5e-05	4.82209922446e-05	False	2732	1.5259
226	1251	Needles_3	4	3.1416	5e-05	3.97913642298e-05	False	547	0.303
227	27670	Needles_3	4	3.1416	5e-05	3.97913642298e-05	False	547	0.303
228	10524	Needles_3	4	3.1416	5e-05	2.57831043426e-05	False	274	0.1497
229	34553	Needles_3	4	3.1416	5e-05	2.57831043426e-05	False	274	0.15
230	33228	Needles_3	4	3.1416	5e-05	2.57831043426e-05	False	274	0.1485
231	21392	Needles_3	4	3.1416	5e-05	3.97913642298e-05	False	547	0.2952
232	39476	Needles_3	4	3.1416	5e-05	2.57831043426e-05	False	274	0.1503
233	50124	Needles_3	4	3.1416	5e-05	2.57831043426e-05	False	274	0.1504
234	3532	Needles_3	4	3.1416	5e-05	2.57831043426e-05	False	274	0.1496
235	46747	Needles_3	4	3.1416	5e-05	4.99404144496e-05	False	9833	5.4411
236	11252	Needles_3	4	3.1416	5e-05	4.68147657022e-05	False	2186	1.2299
237	54568	Needles_3	4	3.1416	5e-05	2.57831043426e-05	False	274	0.1499
238	34598	Needles_3	4	3.1416	5e-05	3.97913642298e-05	False	547	0.3368
239	20095	Needles_3	4	3.1416	5e-05	2.57831043426e-05	False	274	0.1516
240	32079	Needles_3	4	3.1416	5e-05	2.57831043426e-05	False	274	0.1538
241	21722	Needles_3	4	3.1416	5e-05	2.57831043426e-05	False	274	0.1484
242	26035	Needles_3	4	3.1416	5e-05	2.57831043426e-05	False	274	0.1493
243	36158	Needles_3	4	3.1416	5e-05	4.98287402415e-05	False	1912	1.0704
244	21127	Needles_3	4	3.1416	5e-05	2.57831043426e-05	False	274	0.1448
245	54043	Needles_3	4	3.1416	5e-05	2.57831043426e-05	False	274	0.1493
246	34291	Needles_3	4	3.1416	5e-05	3.97913642298e-05	False	547	0.3332
247	37593	Needles_3	4	3.1416	5e-05	2.57831043426e-05	False	274	0.1477
248	49741	Needles_3	4	3.1416	5e-05	3.51162429002e-05	False	1642	0.9102
249	8366	Needles_3	4	3.1416	5e-05	3.97913642298e-05	False	547	0.2941
250	21957	Needles_3	4	3.1416	5e-05	2.57831043426e-05	False	274	0.1523
251	26984	Needles_3	4	3.1416	5e-05	2.57831043426e-05	False	274	0.1966
252	42755	Needles_3	4	3.1416	5e-05	4.82209922446e-05	False	1366	0.7323
253	45452	Needles_3	4	3.1416	5e-05	4.44722008672e-05	False	820	0.4908
254	7136	Needles_3	4	3.1416	5e-05	2.57831043426e-05	False	274	0.1477
255	4850	Needles_3	4	3.1416	5e-05	2.57831043426e-05	False	274	0.1495
256	45556	Needles_3	4	3.1416	5e-05	4.44722008672e-05	False	820	0.445
257	13338	Needles_3	4	3.1416	5e-05	3.97913642298e-05	False	547	0.3034
258	14830	Needles_3	4	3.1416	5e-05	3.97913642298e-05	False	547	0.2947
259	59846	Needles_3	4	3.1416	5e-05	2.57831043426e-05	False	274	0.1539
260	34451	Needles_3	4	3.1416	5e-05	2.57831043426e-05	False	274	0.1475
261	24697	Needles_3	4	3.1416	5e-05	4.94518638048e-05	False	8741	4.7427
262	43845	Needles_3	4	3.1416	5e-05	3.97913642298e-05	False	547	0.2948
263	37433	Needles_3	4	3.1416	5e-05	4.82209922446e-05	False	1366	0.7366
264	42915	Needles_3	4	3.1416	5e-05	2.57831043426e-05	False	274	0.152
265	46161	Needles_3	4	3.1416	5e-05	3.97913642298e-05	False	547	0.2985
266	6343	Needles_3	4	3.1416	5e-05	2.57831043426e-05	False	274	0.1497
267	45199	Needles_3	4	3.1416	5e-05	3.97913642298e-05	False	547	0.2969
268	45263	Needles_3	4	3.1416	5e-05	3.97913642298e-05	False	547	0.298
269	33023	Needles_3	4	3.1416	5e-05	2.57831043426e-05	False	274	0.1489
270	14469	Needles_3	4	3.1416	5e-05	2.57831043426e-05	False	274	0.1514
271	56738	Needles_3	4	3.1415	5e-05	4.62414858151e-05	False	4149	2.2606
272	9593	Needles_3	4	3.1416	5e-05	2.57831043426e-05	False	274	0.15
273	29212	Needles_3	4	3.1416	5e-05	4.44722008672e-05	False	820	0.4477
274	52076	Needles_3	4	3.1416	5e-05	3.97913642298e-05	False	547	0.2992
275	35660	Needles_3	4	3.1416	5e-05	3.97913642298e-05	False	547	0.3013
276	10842	Needles_3	4	3.1416	5e-05	2.57831043426e-05	False	274	0.1469
277	38197	Needles_3	4	3.1416	5e-05	4.98287402415e-05	False	1912	1.0577
278	48386	Needles_3	4	3.1416	5e-05	3.97913642298e-05	False	547	0.2926
279	51223	Needles_3	4	3.1416	5e-05	2.57831043426e-05	False	274	0.1488
280	31055	Needles_3	4	3.1416	5e-05	3.97913642298e-05	False	547	0.3019
281	58601	Needles_3	4	3.1416	5e-05	4.91587632987e-05	False	1639	0.9394
282	57109	Needles_3	4	3.1416	5e-05	2.57831043426e-05	False	274	0.1493
283	27766	Needles_3	4	3.1416	5e-05	4.44722008672e-05	False	820	0.4553
284	16713	Needles_3	4	3.1416	5e-05	2.57831043426e-05	False	274	0.149
285	18469	Needles_3	4	3.1416	5e-05	4.68147657022e-05	False	1093	0.6366
286	40154	Needles_3	4	3.1416	5e-05	2.57831043426e-05	False	274	0.1474
287	51913	Needles_3	4	3.1416	5e-05	2.57831043426e-05	False	274	0.1491
288	17519	Needles_3	4	3.1416	5e-05	4.68147657022e-05	False	1093	0.5993
289	36057	Needles_3	4	3.1416	5e-05	3.97913642298e-05	False	547	0.299
290	1270	Needles_3	4	3.1416	5e-05	4.98287402415e-05	False	1912	1.0372
291	3336	Needles_3	4	3.1416	5e-05	2.57831043426e-05	False	274	0.1495
292	22462	Needles_3	4	3.1416	5e-05	2.57831043426e-05	False	274	0.1495
293	46636	Needles_3	4	3.1416	5e-05	2.57831043426e-05	False	274	0.1499
294	27421	Needles_3	4	3.1416	5e-05	2.57831043426e-05	False	274	0.1511
295	64309	Needles_3	4	3.1416	5e-05	2.57831043426e-05	False	274	0.1495
296	5867	Needles_3	4	3.1416	5e-05	3.97913642298e-05	False	547	0.2972
297	14484	Needles_3	4	3.1416	5e-05	2.57831043426e-05	False	274	0.1483
298	61285	Needles_3	4	3.1416	5e-05	4.68147657022e-05	False	1093	0.5908
299	56374	Needles_3	4	3.1416	5e-05	4.44722008672e-05	False	820	0.4504
300	50626	Needles_3	4	3.1416	5e-05	2.57831043426e-05	False	274	0.1498
301	63768	Needles_3	5	3.14159	5e-06	2.08022668469e-06	False	275	0.1502
302	32577	Needles_3	5	3.14159	5e-06	2.08022668469e-06	False	275	0.1691
303	9619	Needles_3	5	3.14159	5e-06	2.08022668469e-06	False	275	0.1692
304	43959	Needles_3	5	3.1416	5e-06	4.23449650411e-06	False	6045	3.4291
305	37471	Needles_3	5	3.14159	5e-06	2.08022668469e-06	False	275	0.1534
306	48788	Needles_3	5	3.14159	5e-06	2.08022668469e-06	False	275	0.151
307	19285	Needles_3	5	3.1416	5e-06	2.5495466569e-06	False	1649	0.9388
308	37868	Needles_3	5	3.14159	5e-06	2.08022668469e-06	False	275	0.1555
309	53621	Needles_3	5	3.14159	5e-06	2.08022668469e-06	False	550	0.305
310	28055	Needles_3	5	3.14159	5e-06	2.08022668469e-06	False	275	0.1697
311	48147	Needles_3	5	3.14159	5e-06	2.08022668469e-06	False	825	0.4455
312	296	Needles_3	5	3.14159	5e-06	2.08022668469e-06	False	550	0.3138
313	18917	Needles_3	5	3.1416	5e-06	3.47617687613e-06	False	1374	0.7373
314	38828	Needles_3	5	3.1416	5e-06	4.86654480891e-06	False	3297	1.7702
315	17642	Needles_3	5	3.14159	5e-06	2.08022668469e-06	False	275	0.1617
316	60237	Needles_3	5	3.1416	5e-06	4.86654480891e-06	False	1099	0.5993
317	27388	Needles_3	5	3.14159	5e-06	2.08022668469e-06	False	275	0.1519
318	56041	Needles_3	5	3.14159	5e-06	2.08022668469e-06	False	275	0.15
319	27784	Needles_3	5	3.1416	5e-06	3.47617687613e-06	False	1374	0.7575
320	56869	Needles_3	5	3.14159	5e-06	2.08022668469e-06	False	275	0.1504
321	13444	Needles_3	5	3.14159	5e-06	2.08022668469e-06	False	550	0.3
322	2579	Needles_3	5	3.1416	5e-06	4.09405555857e-06	False	7419	4.0898
323	51385	Needles_3	5	3.1416	5e-06	4.86654480891e-06	False	2198	1.2335
324	26511	Needles_3	5	3.14159	5e-06	2.08022668469e-06	False	550	0.3039
325	60286	Needles_3	5	3.14159	5e-06	2.08022668469e-06	False	550	0.3018
326	37797	Needles_3	5	3.1416	5e-06	2.5495466569e-06	False	1649	0.9569
327	18825	Needles_3	5	3.14159	5e-06	2.08022668469e-06	False	275	0.1675
328	11446	Needles_3	5	3.14159	5e-06	2.08022668469e-06	False	825	0.4494
329	505	Needles_3	5	3.14159	5e-06	2.08022668469e-06	False	275	0.1486
330	11633	Needles_3	5	3.14159	5e-06	2.08022668469e-06	False	275	0.1504
331	19071	Needles_3	5	3.14159	5e-06	4.46831529111e-07	False	4674	2.6711
332	8187	Needles_3	5	3.14159	5e-06	2.08022668469e-06	False	550	0.2951
333	1821	Needles_3	5	3.14159	5e-06	2.08022668469e-06	False	275	0.1486
334	8574	Needles_3	5	3.1416	5e-06	4.86654480891e-06	False	1099	0.5948
335	34597	Needles_3	5	3.1416	5e-06	2.5495466569e-06	False	1649	0.9198
336	21277	Needles_3	5	3.14159	5e-06	2.08022668469e-06	False	550	0.2948
337	63684	Needles_3	5	3.14159	5e-06	2.08022668469e-06	False	275	0.1614
338	27932	Needles_3	5	3.14159	5e-06	2.08022668469e-06	False	550	0.3004
339	47161	Needles_3	5	3.1416	5e-06	4.86654480891e-06	False	1099	0.6005
340	50399	Needles_3	5	3.14159	5e-06	2.08022668469e-06	False	275	0.1493
341	60997	Needles_3	5	3.1416	5e-06	3.87337310048e-06	False	3847	2.2127
342	27112	Needles_3	5	3.14159	5e-06	2.08022668469e-06	False	550	0.3281
343	56325	Needles_3	5	3.14159	5e-06	2.08022668469e-06	False	275	0.1485
344	59591	Needles_3	5	3.1416	5e-06	3.47617687613e-06	False	1374	0.7524
345	36630	Needles_3	5	3.14159	5e-06	2.08022668469e-06	False	275	0.1499
346	4990	Needles_3	5	3.14159	5e-06	2.08022668469e-06	False	275	0.1484
347	33706	Needles_3	5	3.14159	5e-06	2.08022668469e-06	False	275	0.1487
348	1910	Needles_3	5	3.14159	5e-06	2.08022668469e-06	False	275	0.1481
349	39977	Needles_3	5	3.1416	5e-06	4.19372279348e-06	False	8518	4.6739
350	13519	Needles_3	5	3.14159	5e-06	2.08022668469e-06	False	825	0.4436
351	63888	Needles_3	5	3.14159	5e-06	2.08022668469e-06	False	275	0.1502
352	52115	Needles_3	5	3.14159	5e-06	2.08022668469e-06	False	275	0.1534
353	34567	Needles_3	5	3.14159	5e-06	2.08022668469e-06	False	825	0.448
354	19823	Needles_3	5	3.14159	5e-06	2.08022668469e-06	False	550	0.2987
355	46953	Needles_3	5	3.14159	5e-06	2.08022668469e-06	False	275	0.1479
356	39444	Needles_3	5	3.1416	5e-06	4.09405555857e-06	False	2473	1.3272
357	61729	Needles_3	5	3.14159	5e-06	1.88780586852e-06	False	1924	1.0291
358	52298	Needles_3	5	3.1416	5e-06	2.5495466569e-06	False	1649	0.8802
359	43050	Needles_3	5	3.14159	5e-06	2.08022668469e-06	False	275	0.1481
360	51700	Needles_3	5	3.14159	5e-06	2.08022668469e-06	False	825	0.4436
361	58680	Needles_3	5	3.14159	5e-06	2.08022668469e-06	False	275	0.1475
362	43843	Needles_3	5	3.14159	5e-06	2.08022668469e-06	False	275	0.1479
363	19120	Needles_3	5	3.14159	5e-06	2.08022668469e-06	False	275	0.1492
364	19239	Needles_3	5	3.14159	5e-06	2.08022668469e-06	False	275	0.1649
365	17612	Needles_3	5	3.14159	5e-06	2.08022668469e-06	False	275	0.1884
366	6007	Needles_3	5	3.14159	5e-06	2.08022668469e-06	False	550	0.316
367	3899	Needles_3	5	3.14159	5e-06	2.08022668469e-06	False	275	0.1572
368	7781	Needles_3	5	3.14159	5e-06	2.08022668469e-06	False	275	0.1495
369	52638	Needles_3	5	3.14159	5e-06	2.08022668469e-06	False	550	0.295
370	36673	Needles_3	5	3.14159	5e-06	2.08022668469e-06	False	275	0.1481
371	5466	Needles_3	5	3.14159	5e-06	2.08022668469e-06	False	275	0.148
372	27134	Needles_3	5	3.1416	5e-06	4.4575604079e-06	False	4671	2.5229
373	33221	Needles_3	5	3.14159	5e-06	2.08022668469e-06	False	825	0.4534
374	29555	Needles_3	5	3.14159	5e-06	2.08022668469e-06	False	550	0.3009
375	36710	Needles_3	5	3.1416	5e-06	4.86654480891e-06	False	9891	5.2923
376	23452	Needles_3	5	3.14159	5e-06	2.08022668469e-06	False	275	0.1453
377	53331	Needles_3	5	3.14159	5e-06	2.08022668469e-06	False	275	0.1528
378	62043	Needles_3	5	3.1416	5e-06	4.86654480891e-06	False	1099	0.5907
379	28889	Needles_3	5	3.14159	5e-06	2.08022668469e-06	False	275	0.1496
380	13635	Needles_3	5	3.14159	5e-06	2.08022668469e-06	False	275	0.1497
381	30415	Needles_3	5	3.14159	5e-06	2.08022668469e-06	False	275	0.149
382	5646	Needles_3	5	3.14159	5e-06	2.08022668469e-06	False	275	0.1487
383	14864	Needles_3	5	3.14159	5e-06	2.08022668469e-06	False	275	0.146
384	44169	Needles_3	5	3.1416	5e-06	2.5495466569e-06	False	1649	0.8863
385	39534	Needles_3	5	3.1416	5e-06	4.86654480891e-06	False	1099	0.5972
386	32471	Needles_3	5	3.1416	5e-06	4.9977377814e-06	False	29123	15.5869
387	25415	Needles_3	5	3.14159	5e-06	2.08022668469e-06	False	825	0.438
388	45243	Needles_3	5	3.14159	5e-06	2.08022668469e-06	False	275	0.1473
389	34471	Needles_3	5	3.14159	5e-06	2.08022668469e-06	False	825	0.4498
390	16056	Needles_3	5	3.14159	5e-06	2.08022668469e-06	False	825	0.4367
391	42779	Needles_3	5	3.14159	5e-06	2.08022668469e-06	False	550	0.3003
392	23225	Needles_3	5	3.1416	5e-06	4.27061072683e-06	False	9617	5.199
393	26038	Needles_3	5	3.1416	5e-06	3.47617687613e-06	False	1374	0.7554
394	15726	Needles_3	5	3.14159	5e-06	2.08022668469e-06	False	275	0.1518
395	45411	Needles_3	5	3.1416	5e-06	4.86654480891e-06	False	1099	0.5937
396	48314	Needles_3	5	3.1416	5e-06	4.86654480891e-06	False	1099	0.5971
397	61786	Needles_3	5	3.14159	5e-06	2.08022668469e-06	False	825	0.4424
398	30037	Needles_3	5	3.14159	5e-06	2.08022668469e-06	False	550	0.3067
399	11847	Needles_3	5	3.14159	5e-06	2.08022668469e-06	False	825	0.4423
400	18281	Needles_3	5	3.14159	5e-06	2.08022668469e-06	False	825	0.4489
401	15696	Needles_3	6	3.141593	5e-07	2.32443357895e-08	False	7423	3.975
402	20651	Needles_3	6	3.141593	5e-07	3.00096774541e-07	False	9622	5.2614
403	45587	Needles_3	6	3.141593	5e-07	2.33956586992e-07	False	3299	1.7435
404	27615	Needles_3	6	3.141593	5e-07	4.44406623501e-07	False	3024	1.6467
405	39689	Needles_3	6	3.141593	5e-07	4.44406623501e-07	False	3024	1.648
406	11263	Needles_3	6	3.141592	5e-07	4.46831529111e-07	False	4674	2.505
407	48418	Needles_3	6	3.141593	5e-07	5.58925599137e-08	False	7148	3.8693
408	21086	Needles_3	6	3.141593	5e-07	4.44406623501e-07	False	3024	1.7142
409	53577	Needles_3	6	3.141593	5e-07	4.44406623501e-07	False	27216	14.8501
410	28790	Needles_3	6	3.141593	5e-07	1.41362253903e-07	False	6873	3.7259
411	44054	Needles_3	6	3.141592	5e-07	2.28992570239e-07	False	8248	4.5284
412	15192	Needles_3	6	3.141593	5e-07	4.44406623501e-07	False	3024	1.6852
413	47773	Needles_3	6	3.141593	5e-07	4.44406623501e-07	False	3024	1.6243
414	13335	Needles_3	6	3.141592	5e-07	2.28992570239e-07	False	4124	2.26
415	33079	Needles_3	6	3.141593	5e-07	1.41362253903e-07	False	6873	3.6788
416	20776	Needles_3	6	3.141593	5e-07	4.44406623501e-07	False	3024	1.7154
417	50579	Needles_3	6	3.141593	5e-07	4.44406623501e-07	False	6048	3.2606
418	13482	Needles_3	6	3.141593	5e-07	4.44406623501e-07	False	15120	8.0818
419	35154	Needles_3	6	3.141593	5e-07	4.44406623501e-07	False	6048	3.2865
420	29625	Needles_3	6	3.141593	5e-07	1.41362253903e-07	False	6873	3.6847
421	26896	Needles_3	6	3.141593	5e-07	5.58925599137e-08	False	3574	1.9409
422	39681	Needles_3	6	3.141593	5e-07	5.58925599137e-08	False	3574	1.9218
423	18165	Needles_3	6	3.141593	5e-07	2.06722726048e-07	False	23368	12.6589
424	64541	Needles_3	6	3.141593	5e-07	4.77636639573e-07	False	20893	11.2717
425	34853	Needles_3	6	3.141593	5e-07	9.67271240881e-08	False	11547	6.1298
426	50911	Needles_3	6	3.141593	5e-07	2.33956586992e-07	False	3299	1.7941
427	65070	Needles_3	6	3.141593	5e-07	5.58925599137e-08	False	3574	1.9222
428	6016	Needles_3	6	3.141593	5e-07	4.44406623501e-07	False	3024	1.6518
429	46041	Needles_3	6	3.141593	5e-07	3.34605154251e-07	False	6323	3.5578
430	21124	Needles_3	6	3.141593	5e-07	5.58925599137e-08	False	3574	1.9224
431	10015	Needles_3	6	3.141593	5e-07	2.33956586992e-07	False	3299	1.7622
432	9030	Needles_3	6	3.141593	5e-07	4.44406623501e-07	False	3024	1.6316
433	18222	Needles_3	6	3.141593	5e-07	3.44190870472e-07	False	34639	18.5354
434	12448	Needles_3	6	3.141592	5e-07	3.44721068135e-07	False	4399	2.3601
435	21514	Needles_3	6	3.141593	5e-07	4.44406623501e-07	False	3024	1.666
436	12063	Needles_3	6	3.141593	5e-07	2.33956586992e-07	False	3299	1.8015
437	30505	Needles_3	6	3.141593	5e-07	3.34605154251e-07	False	6323	3.4262
438	19609	Needles_3	6	3.141593	5e-07	2.33956586992e-07	False	3299	1.774
439	25944	Needles_3	6	3.141593	5e-07	4.44406623501e-07	False	9072	4.8413
440	58240	Needles_3	6	3.141593	5e-07	5.58925599137e-08	False	3574	1.9033
441	47161	Needles_3	6	3.141593	5e-07	5.58925599137e-08	False	3574	1.9054
442	40263	Needles_3	6	3.141593	5e-07	4.44406623501e-07	False	6048	3.2595
443	44810	Needles_3	6	3.141593	5e-07	2.33956586992e-07	False	3299	1.7799
444	47476	Needles_3	6	3.141592	5e-07	4.46831529111e-07	False	4674	2.5188
445	20220	Needles_3	6	3.141593	5e-07	2.33956586992e-07	False	19794	10.5697
446	52456	Needles_3	6	3.141592	5e-07	2.28992570239e-07	False	4124	2.2314
447	18460	Needles_3	6	3.141592	5e-07	1.6514085921e-07	False	7973	4.2823
448	36270	Needles_3	6	3.141593	5e-07	4.44406623501e-07	False	3024	1.6121
449	30063	Needles_3	6	3.141593	5e-07	5.58925599137e-08	False	3574	1.9502
450	59177	Needles_3	6	3.141593	5e-07	4.44406623501e-07	False	3024	1.6474
451	64915	Needles_3	6	3.141593	5e-07	3.70128812488e-07	False	18694	9.8739
452	30175	Needles_3	6	3.141593	5e-07	2.33956586992e-07	False	3299	1.7664
453	6059	Needles_3	6	3.141593	5e-07	4.44406623501e-07	False	6048	3.2825
454	19011	Needles_3	6	3.141593	5e-07	4.44406623501e-07	False	3024	1.6246
455	39096	Needles_3	6	3.141593	5e-07	5.58925599137e-08	False	3574	1.9122
456	26375	Needles_3	6	3.141593	5e-07	9.67271240881e-08	False	3849	2.0774
457	47520	Needles_3	6	3.141592	5e-07	2.28992570239e-07	False	4124	2.2207
458	52114	Needles_3	6	3.141592	5e-07	3.44721068135e-07	False	4399	2.4133
459	50488	Needles_3	6	3.141593	5e-07	1.41362253903e-07	False	6873	3.7105
460	54863	Needles_3	6	3.141593	5e-07	4.44406623501e-07	False	3024	1.6206
461	20620	Needles_3	6	3.141593	5e-07	4.44406623501e-07	False	6048	3.2632
462	64020	Needles_3	6	3.141592	5e-07	2.28992570239e-07	False	4124	2.2585
463	46503	Needles_3	6	3.141593	5e-07	2.33956586992e-07	False	3299	1.7605
464	9170	Needles_3	6	3.141593	5e-07	1.86714299133e-07	False	13471	7.2228
465	17769	Needles_3	6	3.141593	5e-07	2.33956586992e-07	False	3299	1.8115
466	57258	Needles_3	6	3.141593	5e-07	9.67271240881e-08	False	3849	2.0909
467	26299	Needles_3	6	3.141593	5e-07	4.44406623501e-07	False	3024	1.6103
468	18853	Needles_3	6	3.141593	5e-07	3.70128812488e-07	False	9347	5.0459
469	42097	Needles_3	6	3.141593	5e-07	4.44406623501e-07	False	6048	3.2425
470	30635	Needles_3	6	3.141593	5e-07	1.12122406026e-07	False	10447	5.6126
471	33619	Needles_3	6	3.141593	5e-07	2.33956586992e-07	False	3299	1.7887
472	25214	Needles_3	6	3.141593	5e-07	9.67271240881e-08	False	11547	6.2734
473	2245	Needles_3	6	3.141592	5e-07	2.28992570239e-07	False	4124	2.2383
474	45513	Needles_3	6	3.141593	5e-07	1.41362253903e-07	False	6873	3.6728
475	19628	Needles_3	6	3.141593	5e-07	4.44406623501e-07	False	3024	1.6462
476	10026	Needles_3	6	3.141593	5e-07	1.12122406026e-07	False	10447	5.6141
477	37987	Needles_3	6	3.141593	5e-07	5.58925599137e-08	False	7148	3.8922
478	64043	Needles_3	6	3.141593	5e-07	5.58925599137e-08	False	10722	5.7616
479	48790	Needles_3	6	3.141592	5e-07	3.44721068135e-07	False	4399	2.3809
480	6165	Needles_3	6	3.141593	5e-07	4.44406623501e-07	False	3024	1.6226
481	54684	Needles_3	6	3.141592	5e-07	4.46831529111e-07	False	4674	2.5254
482	5343	Needles_3	6	3.141593	5e-07	2.33956586992e-07	False	3299	1.7856
483	6072	Needles_3	6	3.141593	5e-07	4.44406623501e-07	False	3024	1.63
484	21500	Needles_3	6	3.141593	5e-07	4.44406623501e-07	False	3024	1.6186
485	19968	Needles_3	6	3.141592	5e-07	4.46831529111e-07	False	4674	2.5247
486	2758	Needles_3	6	3.141593	5e-07	4.44406623501e-07	False	3024	1.6228
487	61194	Needles_3	6	3.141592	5e-07	2.88723846609e-07	False	8523	4.6007
488	9146	Needles_3	6	3.141592	5e-07	4.46831529111e-07	False	4674	2.4636
489	45435	Needles_3	6	3.141593	5e-07	1.41362253903e-07	False	6873	3.6831
490	55317	Needles_3	6	3.141593	5e-07	4.44406623501e-07	False	3024	1.6032
491	32418	Needles_3	6	3.141593	5e-07	2.83209808938e-07	False	12921	6.9901
492	36232	Needles_3	6	3.141592	5e-07	4.46831529111e-07	False	4674	2.5197
493	42128	Needles_3	6	3.141593	5e-07	2.33956586992e-07	False	3299	1.7242
494	32229	Needles_3	6	3.141593	5e-07	9.67271240881e-08	False	3849	2.0895
495	21493	Needles_3	6	3.141593	5e-07	4.44406623501e-07	False	3024	1.6344
496	27386	Needles_3	6	3.141593	5e-07	4.44406623501e-07	False	3024	1.6258
497	11686	Needles_3	6	3.141593	5e-07	4.44406623501e-07	False	3024	1.6302
498	1487	Needles_3	6	3.141593	5e-07	4.44406623501e-07	False	6048	3.2688
499	58926	Needles_3	6	3.141593	5e-07	4.44406623501e-07	False	15120	8.0977
500	21214	Needles_3	6	3.141593	5e-07	1.59283561896e-07	False	17045	9.1836
501	11548	Needles_3	7	3.1415926	5e-08	2.32443357895e-08	False	7423	3.9862
502	63346	Needles_3	7	3.1415926	5e-08	2.32443357895e-08	False	7423	4.026
503	35835	Needles_3	7	3.1415927	5e-08	2.47497533579e-09	False	10997	5.8455
504	6839	Needles_3	7	3.1415926	5e-08	2.32443357895e-08	False	7423	4.028
505	41751	Needles_3	7	3.1415926	5e-08	4.01496080826e-09	False	29417	15.9536
506	5935	Needles_3	7	3.1415926	5e-08	4.83361790593e-08	False	11272	6.08
507	6664	Needles_3	7	3.1415926	5e-08	2.32443357895e-08	False	7423	3.9423
508	46811	Needles_3	7	3.1415926	5e-08	4.83361790593e-08	False	11272	6.2652
509	40593	Needles_3	7	3.1415927	5e-08	3.55429157217e-08	False	28867	15.5963
510	49248	Needles_3	7	3.1415926	5e-08	2.32443357895e-08	False	7423	4.0877
511	35773	Needles_3	7	3.1415926	5e-08	2.32443357895e-08	False	7423	3.9258
512	47913	Needles_3	7	3.1415926	5e-08	2.32443357895e-08	False	14846	8.0591
513	44332	Needles_3	7	3.1415927	5e-08	1.55773323129e-08	False	14571	7.7061
514	23500	Needles_3	7	3.1415927	5e-08	2.35181767394e-08	False	18145	9.7386
515	65516	Needles_3	7	3.1415927	5e-08	2.35181767394e-08	False	18145	9.7206
516	14032	Needles_3	7	3.1415927	5e-08	2.35181767394e-08	False	18145	9.6385
517	17003	Needles_3	7	3.1415926	5e-08	2.32443357895e-08	False	7423	3.9586
518	9760	Needles_3	7	3.1415926	5e-08	2.32443357895e-08	False	7423	3.9068
519	51459	Needles_3	7	3.1415926	5e-08	2.32443357895e-08	False	7423	3.8744
520	12560	Needles_3	7	3.1415926	5e-08	2.32443357895e-08	False	7423	4.0296
521	17612	Needles_3	7	3.1415926	5e-08	2.32443357895e-08	False	7423	3.9959
522	9819	Needles_3	7	3.1415926	5e-08	2.32443357895e-08	False	7423	4.1045
523	20760	Needles_3	7	3.1415927	5e-08	2.47497533579e-09	False	10997	5.7659
524	17846	Needles_3	7	3.1415927	5e-08	2.88455881403e-08	False	21719	11.6747
525	39630	Needles_3	7	3.1415926	5e-08	3.4073467603e-08	False	26118	14.0233
526	44881	Needles_3	7	3.1415927	5e-08	2.47497533579e-09	False	10997	5.7563
527	46747	Needles_3	7	3.1415927	5e-08	2.47497533579e-09	False	10997	5.872
528	40182	Needles_3	7	3.1415926	5e-08	2.32443357895e-08	False	7423	3.9769
529	8503	Needles_3	7	3.1415926	5e-08	2.32443357895e-08	False	14846	7.9185
530	17806	Needles_3	7	3.1415927	5e-08	2.47497533579e-09	False	10997	5.8822
531	60243	Needles_3	7	3.1415926	5e-08	2.32443357895e-08	False	7423	3.9912
532	57840	Needles_3	7	3.1415926	5e-08	4.83361790593e-08	False	11272	5.8726
533	55916	Needles_3	7	3.1415926	5e-08	4.83361790593e-08	False	11272	6.0548
534	24529	Needles_3	7	3.1415927	5e-08	1.55773323129e-08	False	14571	7.8807
535	53679	Needles_3	7	3.1415927	5e-08	2.47497533579e-09	False	10997	5.8802
536	48808	Needles_3	7	3.1415926	5e-08	2.32443357895e-08	False	22269	11.7592
537	30980	Needles_3	7	3.1415926	5e-08	2.32443357895e-08	False	7423	3.9425
538	34618	Needles_3	7	3.1415926	5e-08	2.32443357895e-08	False	7423	4.0199
539	19662	Needles_3	7	3.1415926	5e-08	4.83361790593e-08	False	11272	6.0968
540	37264	Needles_3	7	3.1415926	5e-08	4.83361790593e-08	False	11272	6.0627
541	33554	Needles_3	7	3.1415927	5e-08	3.77848201616e-08	False	32441	17.1952
542	38534	Needles_3	7	3.1415926	5e-08	4.83361790593e-08	False	11272	5.926
543	46089	Needles_3	7	3.1415927	5e-08	2.47497533579e-09	False	10997	5.9505
544	45685	Needles_3	7	3.1415926	5e-08	2.32443357895e-08	False	7423	3.8891
545	5709	Needles_3	7	3.1415927	5e-08	1.55773323129e-08	False	29142	15.7259
546	57132	Needles_3	7	3.1415926	5e-08	2.32443357895e-08	False	7423	3.976
547	28819	Needles_3	7	3.1415927	5e-08	2.88455881403e-08	False	21719	11.4497
548	57663	Needles_3	7	3.1415926	5e-08	2.32443357895e-08	False	7423	3.9415
549	41996	Needles_3	7	3.1415926	5e-08	2.32443357895e-08	False	7423	3.9371
550	42960	Needles_3	7	3.1415926	5e-08	2.32443357895e-08	False	7423	4.0087
551	19515	Needles_3	7	3.1415927	5e-08	2.35181767394e-08	False	18145	9.726
552	49930	Needles_3	7	3.1415926	5e-08	2.32443357895e-08	False	14846	7.842
553	9751	Needles_3	7	3.1415927	5e-08	2.47497533579e-09	False	10997	5.8824
554	64106	Needles_3	7	3.1415927	5e-08	2.47497533579e-09	False	10997	5.8612
555	27243	Needles_3	7	3.1415926	5e-08	4.83361790593e-08	False	11272	6.1848
556	45944	Needles_3	7	3.1415926	5e-08	2.32443357895e-08	False	7423	4.0226
557	62606	Needles_3	7	3.1415926	5e-08	2.32443357895e-08	False	7423	3.9935
558	28792	Needles_3	7	3.1415926	5e-08	7.8895445732e-09	False	18420	9.565
559	15187	Needles_3	7	3.1415926	5e-08	4.83361790593e-08	False	22544	12.0074
560	13168	Needles_3	7	3.1415926	5e-08	2.32443357895e-08	False	7423	3.9956
561	65447	Needles_3	7	3.1415926	5e-08	2.32443357895e-08	False	22269	11.9617
562	29425	Needles_3	7	3.1415926	5e-08	2.32443357895e-08	False	7423	3.8959
563	61710	Needles_3	7	3.1415926	5e-08	2.32443357895e-08	False	14846	7.9107
564	53834	Needles_3	7	3.1415927	5e-08	3.26674309825e-08	False	50586	26.5793
565	33381	Needles_3	7	3.1415926	5e-08	2.32443357895e-08	False	7423	3.8743
566	8699	Needles_3	7	3.1415926	5e-08	2.32443357895e-08	False	7423	3.9622
567	37015	Needles_3	7	3.1415926	5e-08	2.32443357895e-08	False	7423	4.0245
568	57674	Needles_3	7	3.1415926	5e-08	2.32443357895e-08	False	7423	3.972
569	52013	Needles_3	7	3.1415927	5e-08	2.88455881403e-08	False	21719	11.7283
570	6413	Needles_3	7	3.1415926	5e-08	2.32443357895e-08	False	7423	3.9965
571	33381	Needles_3	7	3.1415926	5e-08	2.32443357895e-08	False	7423	3.9017
572	33554	Needles_3	7	3.1415927	5e-08	3.77848201616e-08	False	32441	16.979
573	572	Needles_3	7	3.1415927	5e-08	2.47497533579e-09	False	10997	5.947
574	9060	Needles_3	7	3.1415926	5e-08	2.32443357895e-08	False	7423	3.9198
575	34701	Needles_3	7	3.1415927	5e-08	2.47497533579e-09	False	21994	11.6682
576	46781	Needles_3	7	3.1415926	5e-08	2.32443357895e-08	False	14846	7.8757
577	18220	Needles_3	7	3.1415927	5e-08	2.47497533579e-09	False	10997	5.9257
578	59817	Needles_3	7	3.1415927	5e-08	1.55773323129e-08	False	14571	7.7862
579	44033	Needles_3	7	3.1415926	5e-08	4.83361790593e-08	False	11272	6.0852
580	42444	Needles_3	7	3.1415926	5e-08	4.83361790593e-08	False	11272	5.9233
581	29823	Needles_3	7	3.1415926	5e-08	2.32443357895e-08	False	7423	3.8601
582	8192	Needles_3	7	3.1415927	5e-08	3.95817676413e-08	False	36015	19.4343
583	14921	Needles_3	7	3.1415926	5e-08	4.83361790593e-08	False	11272	5.9112
584	15683	Needles_3	7	3.1415926	5e-08	2.32443357895e-08	False	7423	3.8407
585	7723	Needles_3	7	3.1415927	5e-08	1.55773323129e-08	False	14571	7.7413
586	6345	Needles_3	7	3.1415927	5e-08	2.47497533579e-09	False	10997	5.9193
587	15433	Needles_3	7	3.1415927	5e-08	1.55773323129e-08	False	14571	7.8226
588	51459	Needles_3	7	3.1415926	5e-08	2.32443357895e-08	False	7423	3.8865
589	54167	Needles_3	7	3.1415927	5e-08	2.47497533579e-09	False	10997	5.9204
590	44796	Needles_3	7	3.1415927	5e-08	2.47497533579e-09	False	21994	11.662
591	46906	Needles_3	7	3.1415926	5e-08	2.32443357895e-08	False	7423	3.9577
592	30295	Needles_3	7	3.1415926	5e-08	3.83732610132e-08	False	18695	9.8984
593	65498	Needles_3	7	3.1415926	5e-08	2.32443357895e-08	False	14846	8.0234
594	3571	Needles_3	7	3.1415926	5e-08	2.32443357895e-08	False	7423	3.9278
595	60628	Needles_3	7	3.1415927	5e-08	2.47497533579e-09	False	10997	5.8094
596	57064	Needles_3	7	3.1415927	5e-08	1.55773323129e-08	False	14571	7.8679
597	20435	Needles_3	7	3.1415926	5e-08	2.32443357895e-08	False	7423	4.031
598	21722	Needles_3	7	3.1415926	5e-08	2.32443357895e-08	False	7423	3.9643
599	18379	Needles_3	7	3.1415926	5e-08	4.83361790593e-08	False	11272	6.0385
600	37927	Needles_3	7	3.1415927	5e-08	1.55773323129e-08	False	14571	7.724
