sampleId	seedInit	solverName	numThrows	piHat	error	runtime
1	19590	needles3	10	3.133974596215561	0.007618057374231935	0.00409388542175
2	33142	needles3	10	3.133974596215561	0.007618057374231935	0.00597500801086
3	41362	needles3	10	3.133974596215561	0.007618057374231935	0.00491189956665
4	17183	needles3	10	3.133974596215561	0.007618057374231935	0.00482201576233
5	20842	needles3	10	3.133974596215561	0.007618057374231935	0.00502395629883
6	29144	needles3	10	3.133974596215561	0.007618057374231935	0.00475096702576
7	30214	needles3	10	3.133974596215561	0.007618057374231935	0.00402688980103
8	50648	needles3	10	3.133974596215561	0.007618057374231935	0.00381803512573
9	2853	needles3	10	3.133974596215561	0.007618057374231935	0.00385999679565
10	54975	needles3	10	3.133974596215561	0.007618057374231935	0.00372886657715
11	4707	needles3	10	3.133974596215561	0.007618057374231935	0.00370597839355
12	65528	needles3	10	3.133974596215561	0.007618057374231935	0.00352311134338
13	54281	needles3	10	3.133974596215561	0.007618057374231935	0.00349307060242
14	57843	needles3	10	3.133974596215561	0.007618057374231935	0.00409889221191
15	25154	needles3	10	3.133974596215561	0.007618057374231935	0.00388717651367
16	36711	needles3	10	3.357829924516673	0.21623727092688005	0.00411510467529
17	45567	needles3	10	3.133974596215561	0.007618057374231935	0.00539302825928
18	44733	needles3	10	3.133974596215561	0.007618057374231935	0.0041229724884
19	65150	needles3	10	3.133974596215561	0.007618057374231935	0.00434398651123
20	56051	needles3	10	3.133974596215561	0.007618057374231935	0.00397086143494
21	52647	needles3	10	3.133974596215561	0.007618057374231935	0.00382208824158
22	59834	needles3	10	3.133974596215561	0.007618057374231935	0.00391292572021
23	11671	needles3	10	3.133974596215561	0.007618057374231935	0.00352311134338
24	9480	needles3	10	3.133974596215561	0.007618057374231935	0.00397706031799
25	4318	needles3	10	3.133974596215561	0.007618057374231935	0.00384187698364
26	57714	needles3	10	3.133974596215561	0.007618057374231935	0.0040020942688
27	37009	needles3	10	3.133974596215561	0.007618057374231935	0.00428104400635
28	56787	needles3	10	3.133974596215561	0.007618057374231935	0.00371384620667
29	21672	needles3	10	3.133974596215561	0.007618057374231935	0.00377893447876
30	2218	needles3	10	3.133974596215561	0.007618057374231935	0.00638103485107
31	46878	needles3	10	3.133974596215561	0.007618057374231935	0.0042359828949
32	29733	needles3	10	3.133974596215561	0.007618057374231935	0.00418281555176
33	55151	needles3	10	3.133974596215561	0.007618057374231935	0.00523805618286
34	26565	needles3	10	3.357829924516673	0.21623727092688005	0.00492000579834
35	62433	needles3	10	3.133974596215561	0.007618057374231935	0.00401496887207
36	59706	needles3	10	3.133974596215561	0.007618057374231935	0.00430393218994
37	35398	needles3	10	3.133974596215561	0.007618057374231935	0.00375390052795
38	47272	needles3	10	3.133974596215561	0.007618057374231935	0.00390100479126
39	61920	needles3	10	3.133974596215561	0.007618057374231935	0.00399899482727
40	54457	needles3	10	3.357829924516673	0.21623727092688005	0.00373101234436
41	35305	needles3	10	3.133974596215561	0.007618057374231935	0.00396203994751
42	2774	needles3	10	3.133974596215561	0.007618057374231935	0.00371694564819
43	5501	needles3	10	3.133974596215561	0.007618057374231935	0.00417280197144
44	43703	needles3	10	3.133974596215561	0.007618057374231935	0.00605392456055
45	28762	needles3	10	3.133974596215561	0.007618057374231935	0.00375294685364
46	56232	needles3	10	3.133974596215561	0.007618057374231935	0.00377511978149
47	3899	needles3	10	3.133974596215561	0.007618057374231935	0.00393009185791
48	55663	needles3	10	3.133974596215561	0.007618057374231935	0.00377798080444
49	38640	needles3	10	3.357829924516673	0.21623727092688005	0.00394201278687
50	33839	needles3	10	3.133974596215561	0.007618057374231935	0.00372314453125
51	492	needles3	10	3.133974596215561	0.007618057374231935	0.00394892692566
52	21898	needles3	10	3.133974596215561	0.007618057374231935	0.00367093086243
53	33587	needles3	10	3.133974596215561	0.007618057374231935	0.00534081459045
54	57591	needles3	10	3.133974596215561	0.007618057374231935	0.00454497337341
55	29070	needles3	10	3.133974596215561	0.007618057374231935	0.00419402122498
56	29796	needles3	10	3.133974596215561	0.007618057374231935	0.00369906425476
57	470	needles3	10	3.133974596215561	0.007618057374231935	0.00384283065796
58	47570	needles3	10	3.133974596215561	0.007618057374231935	0.00370812416077
59	2706	needles3	10	3.133974596215561	0.007618057374231935	0.00369501113892
60	55838	needles3	10	3.133974596215561	0.007618057374231935	0.00360584259033
61	38266	needles3	10	3.133974596215561	0.007618057374231935	0.00410604476929
62	29391	needles3	10	3.133974596215561	0.007618057374231935	0.00384497642517
63	44332	needles3	10	3.133974596215561	0.007618057374231935	0.00385117530823
64	7274	needles3	10	3.133974596215561	0.007618057374231935	0.00402903556824
65	35205	needles3	10	3.357829924516673	0.21623727092688005	0.00388193130493
66	14881	needles3	10	3.133974596215561	0.007618057374231935	0.00373506546021
67	42141	needles3	10	3.133974596215561	0.007618057374231935	0.00362420082092
68	9767	needles3	10	3.133974596215561	0.007618057374231935	0.00350594520569
69	31246	needles3	10	3.133974596215561	0.007618057374231935	0.00417804718018
70	26726	needles3	10	3.133974596215561	0.007618057374231935	0.00392603874207
71	43791	needles3	10	3.133974596215561	0.007618057374231935	0.00365281105042
72	47101	needles3	10	3.133974596215561	0.007618057374231935	0.00374102592468
73	46157	needles3	10	3.133974596215561	0.007618057374231935	0.00376892089844
74	50213	needles3	10	3.133974596215561	0.007618057374231935	0.00363993644714
75	32241	needles3	10	3.133974596215561	0.007618057374231935	0.00361299514771
76	26635	needles3	10	3.133974596215561	0.007618057374231935	0.0038480758667
77	50014	needles3	10	3.133974596215561	0.007618057374231935	0.00348210334778
78	19003	needles3	10	3.133974596215561	0.007618057374231935	0.00391983985901
79	35743	needles3	10	3.133974596215561	0.007618057374231935	0.00389099121094
80	8156	needles3	10	3.133974596215561	0.007618057374231935	0.00378084182739
81	31611	needles3	10	3.357829924516673	0.21623727092688005	0.00378203392029
82	50468	needles3	10	3.133974596215561	0.007618057374231935	0.00436186790466
83	50666	needles3	10	3.133974596215561	0.007618057374231935	0.00371813774109
84	45200	needles3	10	3.133974596215561	0.007618057374231935	0.00361919403076
85	60619	needles3	10	3.133974596215561	0.007618057374231935	0.00364995002747
86	19637	needles3	10	3.133974596215561	0.007618057374231935	0.00394105911255
87	26765	needles3	10	3.133974596215561	0.007618057374231935	0.00364184379578
88	8763	needles3	10	3.133974596215561	0.007618057374231935	0.0036289691925
89	56553	needles3	10	3.133974596215561	0.007618057374231935	0.00382709503174
90	49541	needles3	10	3.133974596215561	0.007618057374231935	0.00343585014343
91	48467	needles3	10	3.133974596215561	0.007618057374231935	0.0040979385376
92	52750	needles3	10	3.133974596215561	0.007618057374231935	0.0039210319519
93	39371	needles3	10	3.133974596215561	0.007618057374231935	0.00366592407227
94	5641	needles3	10	3.133974596215561	0.007618057374231935	0.00360703468323
95	49573	needles3	10	3.133974596215561	0.007618057374231935	0.00395202636719
96	13400	needles3	10	3.133974596215561	0.007618057374231935	0.00400710105896
97	24926	needles3	10	3.133974596215561	0.007618057374231935	0.00405502319336
98	46723	needles3	10	3.133974596215561	0.007618057374231935	0.00359606742859
99	51941	needles3	10	3.133974596215561	0.007618057374231935	0.00395488739014
100	52612	needles3	10	3.133974596215561	0.007618057374231935	0.00364589691162
101	48142	needles3	100	3.133974596215561	0.007618057374231935	0.0441200733185
102	29460	needles3	100	3.155007982767344	0.013415329177550728	0.0376899242401
103	16748	needles3	100	3.133974596215561	0.007618057374231935	0.0389909744263
104	12500	needles3	100	3.133974596215561	0.007618057374231935	0.0361380577087
105	35011	needles3	100	3.133974596215561	0.007618057374231935	0.0415091514587
106	18596	needles3	100	3.155007982767344	0.013415329177550728	0.0414700508118
107	17198	needles3	100	3.133974596215561	0.007618057374231935	0.0398569107056
108	113	needles3	100	3.133974596215561	0.007618057374231935	0.0410680770874
109	16033	needles3	100	3.133974596215561	0.007618057374231935	0.0420892238617
110	4175	needles3	100	3.133974596215561	0.007618057374231935	0.0424580574036
111	55358	needles3	100	3.155007982767344	0.013415329177550728	0.043004989624
112	62083	needles3	100	3.155007982767344	0.013415329177550728	0.0412769317627
113	58801	needles3	100	3.133974596215561	0.007618057374231935	0.0399060249329
114	27913	needles3	100	3.1763256042725283	0.034732950682735186	0.0399239063263
115	2745	needles3	100	3.155007982767344	0.013415329177550728	0.0357918739319
116	3261	needles3	100	3.133974596215561	0.007618057374231935	0.0432319641113
117	6906	needles3	100	3.133974596215561	0.007618057374231935	0.0456109046936
118	33654	needles3	100	3.155007982767344	0.013415329177550728	0.0394530296326
119	49095	needles3	100	3.133974596215561	0.007618057374231935	0.0497097969055
120	44567	needles3	100	3.155007982767344	0.013415329177550728	0.0610198974609
121	26657	needles3	100	3.155007982767344	0.013415329177550728	0.0409190654755
122	11613	needles3	100	3.133974596215561	0.007618057374231935	0.0420980453491
123	16771	needles3	100	3.133974596215561	0.007618057374231935	0.0414490699768
124	47944	needles3	100	3.1979332614444504	0.05634060785465733	0.039155960083
125	6855	needles3	100	3.133974596215561	0.007618057374231935	0.0454149246216
126	9486	needles3	100	3.133974596215561	0.007618057374231935	0.0416769981384
127	8722	needles3	100	3.155007982767344	0.013415329177550728	0.0429148674011
128	29491	needles3	100	3.133974596215561	0.007618057374231935	0.0407948493958
129	64716	needles3	100	3.155007982767344	0.013415329177550728	0.0397939682007
130	53302	needles3	100	3.133974596215561	0.007618057374231935	0.0380880832672
131	23790	needles3	100	3.133974596215561	0.007618057374231935	0.0381300449371
132	50884	needles3	100	3.155007982767344	0.013415329177550728	0.0405440330505
133	4439	needles3	100	3.155007982767344	0.013415329177550728	0.0387759208679
134	35086	needles3	100	3.133974596215561	0.007618057374231935	0.0399699211121
135	24826	needles3	100	3.155007982767344	0.013415329177550728	0.0402989387512
136	44532	needles3	100	3.133974596215561	0.007618057374231935	0.0434279441833
137	61110	needles3	100	3.133974596215561	0.007618057374231935	0.040647983551
138	38868	needles3	100	3.133974596215561	0.007618057374231935	0.046541929245
139	28909	needles3	100	3.133974596215561	0.007618057374231935	0.0436408519745
140	31991	needles3	100	3.133974596215561	0.007618057374231935	0.0427489280701
141	26676	needles3	100	3.133974596215561	0.007618057374231935	0.0397789478302
142	45277	needles3	100	3.133974596215561	0.007618057374231935	0.0388419628143
143	12095	needles3	100	3.133974596215561	0.007618057374231935	0.0378551483154
144	16803	needles3	100	3.155007982767344	0.013415329177550728	0.0370349884033
145	40613	needles3	100	3.133974596215561	0.007618057374231935	0.0372400283813
146	55885	needles3	100	3.133974596215561	0.007618057374231935	0.040146112442
147	63690	needles3	100	3.155007982767344	0.013415329177550728	0.0402600765228
148	27360	needles3	100	3.155007982767344	0.013415329177550728	0.0400440692902
149	1121	needles3	100	3.133974596215561	0.007618057374231935	0.0389578342438
150	2928	needles3	100	3.133974596215561	0.007618057374231935	0.0423300266266
151	47845	needles3	100	3.155007982767344	0.013415329177550728	0.0426878929138
152	33790	needles3	100	3.133974596215561	0.007618057374231935	0.0388209819794
153	242	needles3	100	3.155007982767344	0.013415329177550728	0.0379779338837
154	6560	needles3	100	3.133974596215561	0.007618057374231935	0.0370709896088
155	24197	needles3	100	3.133974596215561	0.007618057374231935	0.0417170524597
156	6487	needles3	100	3.133974596215561	0.007618057374231935	0.0417728424072
157	42273	needles3	100	3.155007982767344	0.013415329177550728	0.0374791622162
158	28515	needles3	100	3.155007982767344	0.013415329177550728	0.0371980667114
159	42698	needles3	100	3.133974596215561	0.007618057374231935	0.039608001709
160	51471	needles3	100	3.133974596215561	0.007618057374231935	0.0405519008636
161	17748	needles3	100	3.155007982767344	0.013415329177550728	0.0403389930725
162	19985	needles3	100	3.133974596215561	0.007618057374231935	0.0425338745117
163	13474	needles3	100	3.133974596215561	0.007618057374231935	0.0445699691772
164	63495	needles3	100	3.155007982767344	0.013415329177550728	0.0410180091858
165	32787	needles3	100	3.155007982767344	0.013415329177550728	0.0392220020294
166	58782	needles3	100	3.133974596215561	0.007618057374231935	0.0385940074921
167	42223	needles3	100	3.133974596215561	0.007618057374231935	0.0625860691071
168	50835	needles3	100	3.155007982767344	0.013415329177550728	0.0520439147949
169	44776	needles3	100	3.133974596215561	0.007618057374231935	0.0430569648743
170	43993	needles3	100	3.133974596215561	0.007618057374231935	0.0398349761963
171	11670	needles3	100	3.133974596215561	0.007618057374231935	0.0367388725281
172	28513	needles3	100	3.155007982767344	0.013415329177550728	0.0368051528931
173	60298	needles3	100	3.155007982767344	0.013415329177550728	0.0393810272217
174	33800	needles3	100	3.133974596215561	0.007618057374231935	0.0837259292603
175	45736	needles3	100	3.133974596215561	0.007618057374231935	0.107849121094
176	21240	needles3	100	3.1763256042725283	0.034732950682735186	0.0798599720001
177	19037	needles3	100	3.155007982767344	0.013415329177550728	0.0891120433807
178	12404	needles3	100	3.133974596215561	0.007618057374231935	0.0921659469604
179	26290	needles3	100	3.133974596215561	0.007618057374231935	0.0946249961853
180	16975	needles3	100	3.133974596215561	0.007618057374231935	0.102133989334
181	19912	needles3	100	3.133974596215561	0.007618057374231935	0.0894370079041
182	13284	needles3	100	3.155007982767344	0.013415329177550728	0.0716190338135
183	31341	needles3	100	3.155007982767344	0.013415329177550728	0.0475730895996
184	11144	needles3	100	3.155007982767344	0.013415329177550728	0.0452830791473
185	34580	needles3	100	3.133974596215561	0.007618057374231935	0.0388171672821
186	10322	needles3	100	3.155007982767344	0.013415329177550728	0.0382618904114
187	18137	needles3	100	3.133974596215561	0.007618057374231935	0.039783000946
188	24162	needles3	100	3.133974596215561	0.007618057374231935	0.03972697258
189	27338	needles3	100	3.133974596215561	0.007618057374231935	0.0428338050842
190	6230	needles3	100	3.133974596215561	0.007618057374231935	0.0411279201508
191	6215	needles3	100	3.133974596215561	0.007618057374231935	0.0385100841522
192	49792	needles3	100	3.133974596215561	0.007618057374231935	0.0366501808167
193	55703	needles3	100	3.133974596215561	0.007618057374231935	0.0398209095001
194	47086	needles3	100	3.1979332614444504	0.05634060785465733	0.0427780151367
195	1112	needles3	100	3.155007982767344	0.013415329177550728	0.0407140254974
196	58205	needles3	100	3.155007982767344	0.013415329177550728	0.0437989234924
197	5322	needles3	100	3.133974596215561	0.007618057374231935	0.0428237915039
198	45682	needles3	100	3.133974596215561	0.007618057374231935	0.0388140678406
199	62469	needles3	100	3.133974596215561	0.007618057374231935	0.0392038822174
200	33431	needles3	100	3.133974596215561	0.007618057374231935	0.0377821922302
201	37749	needles3	1000	3.136065306419841	0.005527347169952179	0.393790006638
202	13377	needles3	1000	3.136065306419841	0.005527347169952179	0.388216018677
203	41140	needles3	1000	3.142354207435389	0.0007615538455958415	0.399811983109
204	36889	needles3	1000	3.142354207435389	0.0007615538455958415	0.384941101074
205	40860	needles3	1000	3.133974596215561	0.007618057374231935	0.380422115326
206	2713	needles3	1000	3.1402551064284183	0.001337547161374797	0.367921113968
207	33251	needles3	1000	3.1444561166042417	0.0028634630144486195	0.381772041321
208	2954	needles3	1000	3.1381588079595075	0.0034338456302855924	0.421015977859
209	3789	needles3	1000	3.1444561166042417	0.0028634630144486195	0.442318201065
210	47289	needles3	1000	3.1444561166042417	0.0028634630144486195	0.397804021835
211	19634	needles3	1000	3.142354207435389	0.0007615538455958415	0.436105012894
212	5560	needles3	1000	3.142354207435389	0.0007615538455958415	0.387407064438
213	45828	needles3	1000	3.14866838199822	0.007075728408426851	0.378556966782
214	39801	needles3	1000	3.142354207435389	0.0007615538455958415	0.393301963806
215	59827	needles3	1000	3.1402551064284183	0.001337547161374797	0.387813091278
216	9012	needles3	1000	3.152891947902979	0.011299294313185992	0.403000116348
217	23759	needles3	1000	3.1381588079595075	0.0034338456302855924	0.478651046753
218	44319	needles3	1000	3.1381588079595075	0.0034338456302855924	0.468684911728
219	63592	needles3	1000	3.136065306419841	0.005527347169952179	0.422487974167
220	16332	needles3	1000	3.1402551064284183	0.001337547161374797	0.435377836227
221	12097	needles3	1000	3.1381588079595075	0.0034338456302855924	0.41587305069
222	26481	needles3	1000	3.1402551064284183	0.001337547161374797	0.395978927612
223	24839	needles3	1000	3.1381588079595075	0.0034338456302855924	0.52559709549
224	6314	needles3	1000	3.14866838199822	0.007075728408426851	0.474036931992
225	32068	needles3	1000	3.1402551064284183	0.001337547161374797	0.38223195076
226	19970	needles3	1000	3.1402551064284183	0.001337547161374797	0.483932971954
227	289	needles3	1000	3.1402551064284183	0.001337547161374797	0.392828941345
228	15709	needles3	1000	3.1444561166042417	0.0028634630144486195	0.504043102264
229	60203	needles3	1000	3.1381588079595075	0.0034338456302855924	0.457355976105
230	32639	needles3	1000	3.1402551064284183	0.001337547161374797	0.3882188797
231	31768	needles3	1000	3.142354207435389	0.0007615538455958415	0.418508052826
232	42606	needles3	1000	3.1381588079595075	0.0034338456302855924	0.392173051834
233	39421	needles3	1000	3.1381588079595075	0.0034338456302855924	0.378021001816
234	44576	needles3	1000	3.1381588079595075	0.0034338456302855924	0.372318029404
235	35599	needles3	1000	3.1381588079595075	0.0034338456302855924	0.36376786232
236	35056	needles3	1000	3.1402551064284183	0.001337547161374797	0.384220838547
237	7908	needles3	1000	3.142354207435389	0.0007615538455958415	0.373994827271
238	41277	needles3	1000	3.136065306419841	0.005527347169952179	0.36758184433
239	30393	needles3	1000	3.152891947902979	0.011299294313185992	0.372316837311
240	46873	needles3	1000	3.1465608395738567	0.004968185984063567	0.370528936386
241	7551	needles3	1000	3.142354207435389	0.0007615538455958415	0.382559776306
242	42773	needles3	1000	3.1402551064284183	0.001337547161374797	0.410356044769
243	39089	needles3	1000	3.142354207435389	0.0007615538455958415	0.424226045609
244	57318	needles3	1000	3.1444561166042417	0.0028634630144486195	0.405050039291
245	1551	needles3	1000	3.142354207435389	0.0007615538455958415	0.446635961533
246	3584	needles3	1000	3.142354207435389	0.0007615538455958415	0.425924062729
247	64516	needles3	1000	3.1444561166042417	0.0028634630144486195	0.403724908829
248	24379	needles3	1000	3.133974596215561	0.007618057374231935	0.408339977264
249	34157	needles3	1000	3.1402551064284183	0.001337547161374797	0.462352991104
250	35973	needles3	1000	3.142354207435389	0.0007615538455958415	0.403149843216
251	44099	needles3	1000	3.142354207435389	0.0007615538455958415	0.408200025558
252	42514	needles3	1000	3.142354207435389	0.0007615538455958415	0.400265932083
253	59127	needles3	1000	3.1381588079595075	0.0034338456302855924	0.374970197678
254	38071	needles3	1000	3.1381588079595075	0.0034338456302855924	0.375891923904
255	13275	needles3	1000	3.1444561166042417	0.0028634630144486195	0.379674911499
256	62902	needles3	1000	3.136065306419841	0.005527347169952179	0.388980150223
257	44486	needles3	1000	3.142354207435389	0.0007615538455958415	0.382952213287
258	43144	needles3	1000	3.1402551064284183	0.001337547161374797	0.383908987045
259	24792	needles3	1000	3.1381588079595075	0.0034338456302855924	0.37341594696
260	27053	needles3	1000	3.14866838199822	0.007075728408426851	0.391674995422
261	23639	needles3	1000	3.150778749546476	0.009186095956682738	0.380717039108
262	11214	needles3	1000	3.1402551064284183	0.001337547161374797	0.371795892715
263	30539	needles3	1000	3.14866838199822	0.007075728408426851	0.377816915512
264	41579	needles3	1000	3.1381588079595075	0.0034338456302855924	0.391629934311
265	18698	needles3	1000	3.136065306419841	0.005527347169952179	0.385443925858
266	29960	needles3	1000	3.1381588079595075	0.0034338456302855924	0.370840072632
267	36942	needles3	1000	3.136065306419841	0.005527347169952179	0.37450003624
268	18165	needles3	1000	3.1402551064284183	0.001337547161374797	0.399780988693
269	48505	needles3	1000	3.14866838199822	0.007075728408426851	0.405236005783
270	62494	needles3	1000	3.1465608395738567	0.004968185984063567	0.408962965012
271	46658	needles3	1000	3.1444561166042417	0.0028634630144486195	0.386072158813
272	33961	needles3	1000	3.133974596215561	0.007618057374231935	0.372388839722
273	8989	needles3	1000	3.1402551064284183	0.001337547161374797	0.399106025696
274	40638	needles3	1000	3.14866838199822	0.007075728408426851	0.404451131821
275	39570	needles3	1000	3.1381588079595075	0.0034338456302855924	0.403090953827
276	32885	needles3	1000	3.136065306419841	0.005527347169952179	0.504992961884
277	7874	needles3	1000	3.1381588079595075	0.0034338456302855924	0.890353918076
278	1159	needles3	1000	3.1444561166042417	0.0028634630144486195	0.514685869217
279	45051	needles3	1000	3.142354207435389	0.0007615538455958415	0.384954929352
280	1069	needles3	1000	3.1465608395738567	0.004968185984063567	0.544605016708
281	11429	needles3	1000	3.1402551064284183	0.001337547161374797	0.405123949051
282	10870	needles3	1000	3.142354207435389	0.0007615538455958415	0.425383806229
283	3235	needles3	1000	3.1381588079595075	0.0034338456302855924	0.382611036301
284	45890	needles3	1000	3.1381588079595075	0.0034338456302855924	0.440139055252
285	4696	needles3	1000	3.1402551064284183	0.001337547161374797	0.387037992477
286	64643	needles3	1000	3.1381588079595075	0.0034338456302855924	0.373347043991
287	50790	needles3	1000	3.136065306419841	0.005527347169952179	0.416927099228
288	26585	needles3	1000	3.1444561166042417	0.0028634630144486195	0.423766851425
289	36396	needles3	1000	3.1444561166042417	0.0028634630144486195	0.404086112976
290	32470	needles3	1000	3.1381588079595075	0.0034338456302855924	0.39262008667
291	63077	needles3	1000	3.1444561166042417	0.0028634630144486195	0.380558013916
292	28599	needles3	1000	3.1444561166042417	0.0028634630144486195	0.386622905731
293	43627	needles3	1000	3.1402551064284183	0.001337547161374797	0.387933969498
294	37429	needles3	1000	3.1381588079595075	0.0034338456302855924	0.38169002533
295	1265	needles3	1000	3.136065306419841	0.005527347169952179	0.382774114609
296	63703	needles3	1000	3.1381588079595075	0.0034338456302855924	0.425482988358
297	57679	needles3	1000	3.1444561166042417	0.0028634630144486195	0.37495803833
298	12028	needles3	1000	3.1402551064284183	0.001337547161374797	0.380481958389
299	34125	needles3	1000	3.142354207435389	0.0007615538455958415	0.386924982071
300	38384	needles3	1000	3.142354207435389	0.0007615538455958415	0.376040935516
301	26285	needles3	10000	3.136483783242155	0.005108870347638295	2.0256831646
302	30792	needles3	10000	3.1381588079595075	0.0034338456302855924	2.12214493752
303	62119	needles3	10000	3.1398356227112894	0.0017570308785037625	2.19891810417
304	53356	needles3	10000	3.142774364435982	0.0011817108461888992	2.00911688805
305	51664	needles3	10000	3.141934162761223	0.00034150917143005444	2.09098982811
306	19752	needles3	10000	3.1402551064284183	0.001337547161374797	1.99552989006
307	20025	needles3	10000	3.141304306263509	0.00028834732628402193	1.90117788315
308	16506	needles3	10000	3.140674702247022	0.0009179513427710617	2.01146197319
309	38474	needles3	10000	3.1457186123684036	0.004125958778610439	2.02164196968
310	62012	needles3	10000	3.1402551064284183	0.001337547161374797	2.02575993538
311	1391	needles3	10000	3.1408845422084197	0.0007081113813733886	1.99779605865
312	65049	needles3	10000	3.1446664621869975	0.0030738085972044082	1.99532580376
313	50202	needles3	10000	3.144876835913394	0.003284182323600948	2.11853599548
314	29720	needles3	10000	3.1465608395738567	0.004968185984063567	1.96244716644
315	47328	needles3	10000	3.138368311852154	0.0032243417376389694	2.01337599754
316	13043	needles3	10000	3.141934162761223	0.00034150917143005444	2.11064505577
317	38847	needles3	10000	3.1471928060007643	0.005600152410971226	2.06067585945
318	8407	needles3	10000	3.1415142303684456	7.842322134754554e-05	2.03159189224
319	25519	needles3	10000	3.1415142303684456	7.842322134754554e-05	2.11421513557
320	2959	needles3	10000	3.141304306263509	0.00028834732628402193	2.11068606377
321	30876	needles3	10000	3.144035509847072	0.0024428562572786916	2.1315870285
322	50688	needles3	10000	3.141934162761223	0.00034150917143005444	2.02598404884
323	212	needles3	10000	3.139625922876739	0.001966730713053977	2.12708497047
324	28952	needles3	10000	3.136483783242155	0.005108870347638295	2.21440196037
325	64260	needles3	10000	3.137739884076453	0.0038527695133399043	2.04774904251
326	56603	needles3	10000	3.139206607227607	0.0023860463621860895	2.12491703033
327	40115	needles3	10000	3.1381588079595075	0.0034338456302855924	2.13341093063
328	56631	needles3	10000	3.1387874035676986	0.0028052500220945298	2.11068701744
329	40709	needles3	10000	3.142354207435389	0.0007615538455958415	2.01331996918
330	33665	needles3	10000	3.143194633808065	0.0016019802182718479	2.22743296623
331	31576	needles3	10000	3.141724182532475	0.00013152894268175785	2.09768986702
332	38953	needles3	10000	3.140464890322227	0.0011277632675659177	2.12374401093
333	15605	needles3	10000	3.1429844850727697	0.0013918314829766132	2.12476611137
334	22665	needles3	10000	3.143194633808065	0.0016019802182718479	2.03321313858
335	38653	needles3	10000	3.140674702247022	0.0009179513427710617	2.10792517662
336	52431	needles3	10000	3.143194633808065	0.0016019802182718479	2.16506695747
337	50248	needles3	10000	3.1389969914018043	0.0025956621879887898	2.81989979744
338	1030	needles3	10000	3.1398356227112894	0.0017570308785037625	2.5945649147
339	3673	needles3	10000	3.142354207435389	0.0007615538455958415	2.31922411919
340	26704	needles3	10000	3.1436150155967244	0.0020223620069312886	2.10979104042
341	62510	needles3	10000	3.1398356227112894	0.0017570308785037625	2.12379813194
342	62782	needles3	10000	3.142354207435389	0.0007615538455958415	2.12832403183
343	47288	needles3	10000	3.1402551064284183	0.001337547161374797	2.0263338089
344	58035	needles3	10000	3.140674702247022	0.0009179513427710617	2.03207087517
345	41195	needles3	10000	3.140674702247022	0.0009179513427710617	2.04695677757
346	49175	needles3	10000	3.145929126897773	0.004336473307979816	1.98266100883
347	9351	needles3	10000	3.1442457991594828	0.002653145569689652	2.03210306168
348	3945	needles3	10000	3.1402551064284183	0.001337547161374797	2.12157297134
349	49892	needles3	10000	3.1381588079595075	0.0034338456302855924	2.0563890934
350	47614	needles3	10000	3.1379493320361407	0.0036433215536524344	2.00281405449
351	16467	needles3	10000	3.145508126010935	0.0039154724211418745	2.14628100395
352	36146	needles3	10000	3.143194633808065	0.0016019802182718479	2.03758311272
353	20277	needles3	10000	3.144876835913394	0.003284182323600948	2.05099487305
354	10505	needles3	10000	3.140674702247022	0.0009179513427710617	2.03199195862
355	53364	needles3	10000	3.1415142303684456	7.842322134754554e-05	2.03470897675
356	35130	needles3	10000	3.1400453505599772	0.0015473030298158719	2.03101611137
357	49986	needles3	10000	3.145508126010935	0.0039154724211418745	2.03893017769
358	38591	needles3	10000	3.142354207435389	0.0007615538455958415	2.0167529583
359	12581	needles3	10000	3.142354207435389	0.0007615538455958415	2.01629590988
360	4968	needles3	10000	3.1358561098814905	0.005736543708302566	2.23793196678
361	44163	needles3	10000	3.142354207435389	0.0007615538455958415	2.07299900055
362	21880	needles3	10000	3.144876835913394	0.003284182323600948	2.12092804909
363	33660	needles3	10000	3.1415142303684456	7.842322134754554e-05	2.01410102844
364	35945	needles3	10000	3.136483783242155	0.005108870347638295	2.01582503319
365	50569	needles3	10000	3.1465608395738567	0.004968185984063567	2.04318618774
366	4524	needles3	10000	3.1469821223211554	0.005389468731362257	2.1118490696
367	9528	needles3	10000	3.1415142303684456	7.842322134754554e-05	2.02843403816
368	34957	needles3	10000	3.1402551064284183	0.001337547161374797	2.01268196106
369	11468	needles3	10000	3.1398356227112894	0.0017570308785037625	2.04837989807
370	38035	needles3	10000	3.143194633808065	0.0016019802182718479	2.08410406113
371	16891	needles3	10000	3.1457186123684036	0.004125958778610439	1.99474215508
372	21113	needles3	10000	3.1400453505599772	0.0015473030298158719	2.02196907997
373	9095	needles3	10000	3.1369023717625395	0.004690281827253617	2.01583099365
374	41820	needles3	10000	3.136483783242155	0.005108870347638295	2.03587698936
375	13781	needles3	10000	3.140674702247022	0.0009179513427710617	1.95337414742
376	56762	needles3	10000	3.1421441710603184	0.0005515174705252868	2.03035306931
377	4050	needles3	10000	3.145929126897773	0.004336473307979816	2.03463816643
378	7464	needles3	10000	3.140674702247022	0.0009179513427710617	2.01194310188
379	52458	needles3	10000	3.144876835913394	0.003284182323600948	2.0170071125
380	18352	needles3	10000	3.146350240494841	0.004757586905047795	2.01772212982
381	57285	needles3	10000	3.1402551064284183	0.001337547161374797	2.04032301903
382	17258	needles3	10000	3.1421441710603184	0.0005515174705252868	1.9406888485
383	32012	needles3	10000	3.1387874035676986	0.0028052500220945298	2.03496408463
384	56100	needles3	10000	3.1373210720257223	0.004271581564070814	1.92445492744
385	33410	needles3	10000	3.147614258000229	0.006021604410435977	2.0659558773
386	22367	needles3	10000	3.142354207435389	0.0007615538455958415	2.02352881432
387	4795	needles3	10000	3.1373210720257223	0.004271581564070814	2.11323904991
388	56680	needles3	10000	3.141304306263509	0.00028834732628402193	1.9503121376
389	8942	needles3	10000	3.144876835913394	0.003284182323600948	2.00736498833
390	27632	needles3	10000	3.137739884076453	0.0038527695133399043	2.03713798523
391	10766	needles3	10000	3.1400453505599772	0.0015473030298158719	2.02533197403
392	16526	needles3	10000	3.1415142303684456	7.842322134754554e-05	1.9614508152
393	59869	needles3	10000	3.141934162761223	0.00034150917143005444	1.99599504471
394	33868	needles3	10000	3.140674702247022	0.0009179513427710617	2.21196293831
395	35508	needles3	10000	3.1389969914018043	0.0025956621879887898	2.39639186859
396	41823	needles3	10000	3.140674702247022	0.0009179513427710617	2.62436509132
397	31735	needles3	10000	3.1421441710603184	0.0005515174705252868	2.03301620483
398	48411	needles3	10000	3.141304306263509	0.00028834732628402193	2.01551294327
399	60090	needles3	10000	3.137739884076453	0.0038527695133399043	1.99092411995
400	47181	needles3	10000	3.1421441710603184	0.0005515174705252868	2.02951192856
401	33982	needles3	100000	3.14437198625	0.0027793326602068014	7.79541397095
402	54826	needles3	100000	3.14227018952	0.0006775359302069184	8.71209406853
403	58605	needles3	100000	3.14292144593	0.0013287923402067747	9.08618283272
404	32400	needles3	100000	3.14046489032	0.001127763269793025	8.56829404831
405	19247	needles3	100000	3.13876644632	0.0028262072697931018	9.03816413879
406	60901	needles3	100000	3.14067470225	0.0009179513397929995	9.11281299591
407	6464	needles3	100000	3.14302651257	0.0014338589802069812	8.62696099281
408	57444	needles3	100000	3.1437831998	0.0021905462102069784	7.79277920723
409	63058	needles3	100000	3.14109441021	0.0004982433797930952	8.65921401978
410	38729	needles3	100000	3.14132529741	0.00026735617979323223	8.82380199432
411	13851	needles3	100000	3.14027608356	0.0013165700297932403	8.83549690247
412	32802	needles3	100000	3.14075863487	0.0008340187197930504	8.87952184677
413	47359	needles3	100000	3.14235420744	0.0007615538502068198	8.5436899662
414	30930	needles3	100000	3.1419971623	0.0004045087102069189	9.04625892639
415	57698	needles3	100000	3.14094749966	0.0006451539297929187	9.01936292648
416	60893	needles3	100000	3.14235420744	0.0007615538502068198	8.93144106865
417	35537	needles3	100000	3.14119935473	0.000393298859793223	7.75895595551
418	30586	needles3	100000	3.140716668	0.0008759855897930713	8.66062879562
419	46169	needles3	100000	3.14033901662	0.0012536369697930816	8.5965077877
420	36357	needles3	100000	3.14344684939	0.0018541958002069592	7.7992401123
421	34028	needles3	100000	3.14035999487	0.0012326587197932781	8.84265398979
422	41381	needles3	100000	3.14031803865	0.001274614939793306	8.65624189377
423	22844	needles3	100000	3.14004535056	0.0015473030297932233	8.94693613052
424	4267	needles3	100000	3.14069568498	0.0008969686097932694	8.90067100525
425	50917	needles3	100000	3.14325768391	0.0016650303202068173	8.83894705772
426	120	needles3	100000	3.14134628884	0.0002463647497932264	8.83689308167
427	32423	needles3	100000	3.14103144687	0.0005612067197930948	8.76526212692
428	60921	needles3	100000	3.14067470225	0.0009179513397929995	9.06975293159
429	25274	needles3	100000	3.14063273762	0.0009599159697932791	8.67684602737
430	61686	needles3	100000	3.13977270982	0.0018199437697932197	8.86775302887
431	16274	needles3	100000	3.14464542636	0.0030527727702067686	8.76050209999
432	19465	needles3	100000	3.14073765129	0.0008550022997932949	7.70418000221
433	25301	needles3	100000	3.13803311905	0.0035595345397929634	9.01464009285
434	19294	needles3	100000	3.13950011642	0.002092537169793296	9.32090306282
435	52554	needles3	100000	3.14176617633	0.0001735227402068773	8.84607005119
436	64067	needles3	100000	3.14344684939	0.0018541958002069592	9.07622814178
437	46635	needles3	100000	3.14096848604	0.0006241675497933308	8.7968120575
438	26625	needles3	100000	3.14086355695	0.0007290966397932586	8.7989180088
439	2727	needles3	100000	3.14248024274	0.0008875891502069244	8.748306036
440	59277	needles3	100000	3.14033901662	0.0012536369697930816	8.94053220749
441	60656	needles3	100000	3.14285840932	0.00126575573020693	9.20837402344
442	5855	needles3	100000	3.14033901662	0.0012536369697930816	8.75778794289
443	11788	needles3	100000	3.14101045965	0.0005821939397931963	8.8667910099
444	5762	needles3	100000	3.14252225675	0.0009296031602068489	9.05556917191
445	47411	needles3	100000	3.14031803865	0.001274614939793306	8.95922398567
446	20467	needles3	100000	3.1404229313	0.0011697222897932846	9.08736991882
447	44028	needles3	100000	3.1386616643	0.0029309892897932954	8.76949310303
448	21777	needles3	100000	3.14000340275	0.0015892508397929994	9.13759899139
449	29071	needles3	100000	3.14229119357	0.0006985399802070802	8.79315185547
450	57945	needles3	100000	3.14021315301	0.0013795005797931914	8.71645593643
451	33190	needles3	100000	3.14134628884	0.0002463647497932264	8.81861495972
452	18122	needles3	100000	3.14084257197	0.0007500816197931748	8.97653102875
453	62939	needles3	100000	3.14197616218	0.0003835085902070823	8.8418982029
454	32736	needles3	100000	3.13801217188	0.003580481709793304	8.89006781578
455	929	needles3	100000	3.14374115206	0.0021484984702069276	9.16114997864
456	12430	needles3	100000	3.14201816271	0.00042550912020677956	8.88095498085
457	15055	needles3	100000	3.13933239016	0.002260263429793241	8.83359789848
458	11922	needles3	100000	3.14300549868	0.0014128450902068934	9.28617095947
459	44369	needles3	100000	3.13931142564	0.002281227949793241	8.76531410217
460	17381	needles3	100000	3.14269032405	0.0010976704602070342	8.753262043
461	49567	needles3	100000	3.14229119357	0.0006985399802070802	9.1419210434
462	18148	needles3	100000	3.14155621856	3.643502979322477e-05	8.82786083221
463	60361	needles3	100000	3.14065371979	0.0009389337997931513	8.81989908218
464	17261	needles3	100000	3.14201816271	0.00042550912020677956	9.2463850975
465	46390	needles3	100000	3.14269032405	0.0010976704602070342	8.82627105713
466	7905	needles3	100000	3.14189216447	0.0002995108802070767	8.90503001213
467	33212	needles3	100000	3.14035999487	0.0012326587197932781	8.91911101341
468	45902	needles3	100000	3.14073765129	0.0008550022997932949	8.06035995483
469	48321	needles3	100000	3.14059077411	0.001001879479793022	8.9006061554
470	36423	needles3	100000	3.14168218985	8.953626020691274e-05	8.77173495293
471	55734	needles3	100000	3.14111539855	0.00047725503979290096	8.74502110481
472	59315	needles3	100000	3.14075863487	0.0008340187197930504	9.03486013412
473	28884	needles3	100000	3.14332073654	0.0017280829502070993	8.99487400055
474	59515	needles3	100000	3.14557126896	0.003978615370206828	8.98841094971
475	32325	needles3	100000	3.14132529741	0.00026735617979323223	8.8856420517
476	49482	needles3	100000	3.14235420744	0.0007615538502068198	9.06023406982
477	47771	needles3	100000	3.14054881173	0.0010438418597931154	8.66608095169
478	49765	needles3	100000	3.14017120072	0.001421452869792894	8.75632500648
479	20004	needles3	100000	3.14180817126	0.0002155176702069994	7.8568611145
480	30670	needles3	100000	3.1389969914	0.0025956621897931242	9.00788402557
481	11292	needles3	100000	3.14157721307	1.5440519792964125e-05	8.91771888733
482	46449	needles3	100000	3.14109441021	0.0004982433797930952	8.92099094391
483	29874	needles3	100000	3.14092651357	0.0006661400197929268	8.85361409187
484	34565	needles3	100000	3.14201816271	0.00042550912020677956	8.99586296082
485	32041	needles3	100000	3.14067470225	0.0009179513397929995	8.87232208252
486	22686	needles3	100000	3.14235420744	0.0007615538502068198	7.93058681488
487	40759	needles3	100000	3.14084257197	0.0007500816197931748	9.13107514381
488	40563	needles3	100000	3.14035999487	0.0012326587197932781	8.8071269989
489	40062	needles3	100000	3.14174517929	0.0001525257002068514	8.6666829586
490	14050	needles3	100000	3.13989853812	0.0016941154697929228	9.01789498329
491	25482	needles3	100000	3.14531871237	0.00372605878020682	8.87644386292
492	19671	needles3	100000	3.14336277303	0.0017701194402066633	9.04434084892
493	11145	needles3	100000	3.13975173942	0.0018409141697932618	8.77523398399
494	19895	needles3	100000	3.1396678606	0.0019247929897932003	8.84818696976
495	26636	needles3	100000	3.14227018952	0.0006775359302069184	8.85853290558
496	59619	needles3	100000	3.14048587025	0.0011067833397930826	8.97091794014
497	41245	needles3	100000	3.13851498122	0.0030776723697929498	8.75252199173
498	36231	needles3	100000	3.14132529741	0.00026735617979323223	8.89435601234
499	15448	needles3	100000	3.14344684939	0.0018541958002069592	8.93772792816
500	30595	needles3	100000	3.14456128588	0.0029686322902069406	8.80370497704
501	5861	needles3	1000000	3.14169898679	0.00010633320020669856	99.2600779533
502	39024	needles3	1000000	3.1414134633	0.00017919028979296314	100.952744961
503	55659	needles3	1000000	3.14182496954	0.0002323159502068961	102.1938169
504	5243	needles3	1000000	3.14129590988	0.00029674370979293485	102.794546127
505	30103	needles3	1000000	3.1417619769	0.00016932331020669267	100.133460045
506	20612	needles3	1000000	3.14190686374	0.00031421015020693943	95.0643751621
507	61209	needles3	1000000	3.14180397171	0.00021131812020680485	100.333269119
508	38849	needles3	1000000	3.1417325812	0.00013992761020675815	102.055406809
509	4962	needles3	1000000	3.14133369395	0.0002589596397930549	99.8415269852
510	64887	needles3	1000000	3.14226808913	0.0006754355402067702	100.764564037
511	56914	needles3	1000000	3.14090762632	0.000685027269792915	102.917304039
512	45216	needles3	1000000	3.14244663234	0.0008539787502068741	102.84271121
513	32320	needles3	1000000	3.1414029671	0.00018968648979322822	101.098344088
514	22986	needles3	1000000	3.1414848393	0.00010781428979322882	104.414242029
515	912	needles3	1000000	3.1409181192	0.0006745343897929246	100.700719118
516	4949	needles3	1000000	3.14255796955	0.0009653159602067696	98.8062801361
517	59084	needles3	1000000	3.14168218985	8.953626020691274e-05	101.990871906
518	11309	needles3	1000000	3.14193206282	0.0003394092302069218	103.303742886
519	63726	needles3	1000000	3.14119515682	0.00039749676979328186	99.0704879761
520	46799	needles3	1000000	3.14170738533	0.00011473174020704136	102.774025917
521	52637	needles3	1000000	3.14111539855	0.00047725503979290096	100.207698107
522	28600	needles3	1000000	3.14196986219	0.0003772086002067354	103.907160044
523	48215	needles3	1000000	3.14182286974	0.00023021615020679675	99.7994349003
524	61548	needles3	1000000	3.14246973941	0.0008770858202069576	100.40851903
525	1249	needles3	1000000	3.1419971623	0.0004045087102069189	100.817968845
526	37003	needles3	1000000	3.14058657782	0.0010060757697929468	100.973613977
527	61341	needles3	1000000	3.14153102551	6.162807979315232e-05	100.708710909
528	13243	needles3	1000000	3.14119305786	0.0003995957297933117	101.326557159
529	44296	needles3	1000000	3.14136937974	0.00022327384979314857	100.066934109
530	24717	needles3	1000000	3.14137987571	0.00021277787979290252	103.474524021
531	16549	needles3	1000000	3.1412665229	0.00032613068979303605	102.537574053
532	11811	needles3	1000000	3.14161290439	2.0250800206955688e-05	100.428493023
533	52885	needles3	1000000	3.14116367281	0.0004289807797932532	104.463397026
534	23941	needles3	1000000	3.1409705847	0.0006220688897933258	101.522482157
535	45471	needles3	1000000	3.14179347291	0.00020081932020676874	101.621453047
536	10088	needles3	1000000	3.14212316897	0.0005305153802068752	101.429461002
537	61012	needles3	1000000	3.14152052853	7.212505979303785e-05	101.438935995
538	57209	needles3	1000000	3.14101045965	0.0005821939397931963	98.1586329937
539	1581	needles3	1000000	3.14108391615	0.0005087374397931832	98.7623009682
540	56910	needles3	1000000	3.14200766247	0.0004150088802070684	101.324767828
541	46455	needles3	1000000	3.14163809875	4.544516020699163e-05	98.95779109
542	21988	needles3	1000000	3.14146174671	0.00013090687979300242	101.097084045
543	37102	needles3	1000000	3.14134209053	0.0002505630597933184	105.238749027
544	38185	needles3	1000000	3.14051734068	0.0010753129097929026	102.824655056
545	46946	needles3	1000000	3.14237941369	0.0007867601002069513	106.410724878
546	25808	needles3	1000000	3.14191526339	0.00032260980020693	99.1032240391
547	15705	needles3	1000000	3.14175987719	0.00016722360020704485	94.6044650078
548	42081	needles3	1000000	3.14137567731	0.00021697627979300194	102.393843889
549	22494	needles3	1000000	3.14143655518	0.0001560984097932483	98.4368770123
550	25030	needles3	1000000	3.14233740349	0.000744749900206898	104.536304951
551	41036	needles3	1000000	3.14053622323	0.0010564303597933034	101.394132853
552	58729	needles3	1000000	3.14173888023	0.00014622664020702558	102.54488492
553	57864	needles3	1000000	3.14214417106	0.0005515174702068748	100.480767012
554	6557	needles3	1000000	3.1414134633	0.00017919028979296314	101.882511854
555	52544	needles3	1000000	3.14259578398	0.001003130390206941	100.273738146
556	5411	needles3	1000000	3.14135048716	0.00024216642979313363	106.104425907
557	37564	needles3	1000000	3.14160450636	1.1852770207099184e-05	103.502047777
558	6533	needles3	1000000	3.14122244347	0.00037021011979332386	109.279980898
559	48696	needles3	1000000	3.14153312491	5.952867979308607e-05	101.849153042
560	10761	needles3	1000000	3.14121404752	0.00037860606979300826	102.093398094
561	5246	needles3	1000000	3.14183336875	0.00024071516020685024	101.369645834
562	11573	needles3	1000000	3.14080270129	0.0007899522997929509	95.2515130043
563	64584	needles3	1000000	3.14200136236	0.0004087087702067116	100.761467934
564	12218	needles3	1000000	3.14185856665	0.000265913060206735	98.7032721043
565	39276	needles3	1000000	3.14067889877	0.0009137548197930556	102.573593855
566	15963	needles3	1000000	3.14171578391	0.00012313032020694337	101.472131968
567	1177	needles3	1000000	3.14075233976	0.0008403138297929935	101.608093977
568	11153	needles3	1000000	3.14146174671	0.00013090687979300242	100.806544065
569	16057	needles3	1000000	3.14212946957	0.0005368159802068284	100.337527037
570	26435	needles3	1000000	3.14099157139	0.000601082199793268	100.61075902
571	2510	needles3	1000000	3.14165489522	6.224163020673856e-05	102.938176155
572	55596	needles3	1000000	3.14180187195	0.0002092183602067088	99.3417379856
573	33369	needles3	1000000	3.14062014845	0.0009725051397930784	99.1759490967
574	6473	needles3	1000000	3.1411279917	0.00046466188979321643	99.0057621002
575	19287	needles3	1000000	3.14102095322	0.0005717003697931489	98.8669550419
576	21756	needles3	1000000	3.14064742511	0.0009452284797930588	99.8221130371
577	12330	needles3	1000000	3.14135258632	0.00024006726979308723	101.334831953
578	58332	needles3	1000000	3.1410272494	0.0005654041897931172	100.910938025
579	44347	needles3	1000000	3.14182916914	0.0002365155502070948	100.655465126
580	59973	needles3	1000000	3.14021315301	0.0013795005797931914	97.3300580978
581	50719	needles3	1000000	3.14158141201	1.1241579793264123e-05	102.820945024
582	39425	needles3	1000000	3.14085516293	0.0007374906597932274	99.5910639763
583	27590	needles3	1000000	3.14133369395	0.0002589596397930549	101.275465012
584	43055	needles3	1000000	3.14239201697	0.0007993633802070299	99.6835820675
585	26936	needles3	1000000	3.1411615739	0.00043107968979327893	102.108154058
586	38852	needles3	1000000	3.14267351651	0.0010808629202068154	104.306526899
587	26570	needles3	1000000	3.14225758722	0.0006649336302069209	97.9265961647
588	30831	needles3	1000000	3.14097688067	0.0006157729197933115	101.603947878
589	54105	needles3	1000000	3.14171578391	0.00012313032020694337	101.345182896
590	60817	needles3	1000000	3.14190056404	0.00030791045020706065	99.2074370384
591	22670	needles3	1000000	3.14149113734	0.0001015162497930433	101.733896017
592	31399	needles3	1000000	3.14107971854	0.0005129350497932172	99.5248820782
593	25103	needles3	1000000	3.14086775398	0.0007248996097932725	100.806712151
594	48080	needles3	1000000	3.14163809875	4.544516020699163e-05	99.5013198853
595	16149	needles3	1000000	3.14136937974	0.00022327384979314857	102.270945072
596	16614	needles3	1000000	3.14111959626	0.00047305732979330273	103.154582024
597	1384	needles3	1000000	3.14231009747	0.0007174438802066696	100.765638113
598	18187	needles3	1000000	3.14143235663	0.00016029695979291603	101.101721048
599	4380	needles3	1000000	3.14124553254	0.00034712104979295333	105.366255045
600	47237	needles3	1000000	3.14132949567	0.0002631579197931444	98.244328022
