sampleId	seedInit	solverName	signifDigits	piHat	OFtol	error	isCensored	numThrows	runtime
1	35683	Needles_3	2	3.15	0.005	0.00494296305148	False	167	0.1236
2	18638	Needles_3	2	3.15	0.005	0.00498083547488	False	333	0.1888
3	20463	Needles_3	2	3.15	0.005	0.00494296305148	False	167	0.1085
4	59069	Needles_3	2	3.14	0.005	0.00212991959689	False	215	0.1188
5	35814	Needles_3	2	3.14	0.005	0.00226829781888	False	212	0.1363
6	64085	Needles_3	2	3.15	0.005	0.00494296305148	False	167	0.0887
7	5520	Needles_3	2	3.14	0.005	0.00173818008302	False	356	0.193
8	59465	Needles_3	2	3.14	0.005	0.00189912562931	False	366	0.1989
9	33800	Needles_3	2	3.14	0.005	0.0036180897977	False	523	0.2964
10	27731	Needles_3	2	3.14	0.005	0.00414935278517	False	603	0.3265
11	16103	Needles_3	2	3.15	0.005	0.00498083547488	False	333	0.1916
12	34750	Needles_3	2	3.15	0.005	0.00494296305148	False	167	0.0956
13	35227	Needles_3	2	3.14	0.005	0.00302951477362	False	456	0.255
14	51824	Needles_3	2	3.15	0.005	0.00494296305148	False	167	0.0964
15	2718	Needles_3	2	3.15	0.005	0.00494296305148	False	167	0.1063
16	20176	Needles_3	2	3.14	0.005	0.00299908228769	False	453	0.2485
17	21810	Needles_3	2	3.14	0.005	0.00488454268063	False	765	0.4077
18	28876	Needles_3	2	3.14	0.005	0.00137469612997	False	233	0.1225
19	32655	Needles_3	2	3.14	0.005	0.00382160117046	False	551	0.2972
20	44440	Needles_3	2	3.14	0.005	0.00208465035399	False	216	0.1186
21	10336	Needles_3	2	3.15	0.005	0.00494296305148	False	167	0.0883
22	61415	Needles_3	2	3.15	0.005	0.00494296305148	False	167	0.0917
23	27728	Needles_3	2	3.15	0.005	0.00494296305148	False	167	0.0923
24	63515	Needles_3	2	3.15	0.005	0.00494296305148	False	167	0.0901
25	42028	Needles_3	2	3.15	0.005	0.00494296305148	False	167	0.0899
26	8397	Needles_3	2	3.14	0.005	0.00146093636006	False	340	0.184
27	65227	Needles_3	2	3.15	0.005	0.00498083547488	False	333	0.1787
28	60481	Needles_3	2	3.15	0.005	0.00494296305148	False	167	0.0894
29	11955	Needles_3	2	3.15	0.005	0.00353487713187	False	188	0.1007
30	65054	Needles_3	2	3.14	0.005	0.00498114143295	False	793	0.4255
31	34772	Needles_3	2	3.15	0.005	0.00498083547488	False	333	0.1776
32	31830	Needles_3	2	3.15	0.005	0.00494296305148	False	167	0.0901
33	20093	Needles_3	2	3.14	0.005	0.00321331444209	False	475	0.2577
34	2194	Needles_3	2	3.15	0.005	0.00479372320484	False	169	0.0931
35	58622	Needles_3	2	3.14	0.005	0.00280765891496	False	435	0.2312
36	16761	Needles_3	2	3.14	0.005	0.00298884822177	False	452	0.2407
37	16009	Needles_3	2	3.14	0.005	0.00246349389361	False	406	0.2202
38	38250	Needles_3	2	3.15	0.005	0.00494296305148	False	167	0.0893
39	16425	Needles_3	2	3.14	0.005	0.00347532823185	False	505	0.2713
40	40937	Needles_3	2	3.14	0.005	0.00226829781888	False	212	0.115
41	62910	Needles_3	2	3.14	0.005	0.00370792063535	False	535	0.2928
42	59265	Needles_3	2	3.15	0.005	0.00494296305148	False	167	0.09
43	62703	Needles_3	2	3.14	0.005	0.00177916780183	False	223	0.121
44	36967	Needles_3	2	3.15	0.005	0.00494296305148	False	167	0.1496
45	11408	Needles_3	2	3.15	0.005	0.00498083547488	False	333	0.1809
46	41934	Needles_3	2	3.14	0.005	0.00318527859599	False	472	0.2587
47	10245	Needles_3	2	3.15	0.005	0.00494296305148	False	167	0.091
48	3898	Needles_3	2	3.15	0.005	0.00494296305148	False	167	0.09
49	15104	Needles_3	2	3.14	0.005	0.000638158496246	False	300	0.1583
50	51152	Needles_3	2	3.15	0.005	0.00498083547488	False	333	0.1795
51	62340	Needles_3	2	3.15	0.005	0.00494296305148	False	167	0.0895
52	3182	Needles_3	2	3.14	0.005	0.00296969464001	False	198	0.1064
53	39588	Needles_3	2	3.15	0.005	0.00494296305148	False	167	0.0941
54	24425	Needles_3	2	3.15	0.005	0.00494296305148	False	167	0.0883
55	9858	Needles_3	2	3.15	0.005	0.00494296305148	False	167	0.0911
56	51739	Needles_3	2	3.14	0.005	0.00422263527649	False	616	0.3241
57	54405	Needles_3	2	3.15	0.005	0.00494296305148	False	167	0.0923
58	13058	Needles_3	2	3.14	0.005	0.0033131472146	False	486	0.2598
59	61764	Needles_3	2	3.14	0.005	0.00306947305462	False	460	0.2448
60	8486	Needles_3	2	3.15	0.005	0.00494296305148	False	167	0.0873
61	62569	Needles_3	2	3.14	0.005	0.00327737233792	False	482	0.2608
62	65491	Needles_3	2	3.15	0.005	0.00499351041738	False	499	0.3028
63	49299	Needles_3	2	3.14	0.005	0.00013840439997	False	280	0.1524
64	56652	Needles_3	2	3.14	0.005	0.00165405681576	False	226	0.1227
65	62321	Needles_3	2	3.15	0.005	0.00494296305148	False	167	0.0911
66	28917	Needles_3	2	3.14	0.005	0.0016371898242	False	350	0.1864
67	38672	Needles_3	2	3.14	0.005	0.000614762187158	False	299	0.1632
68	23396	Needles_3	2	3.14	0.005	0.00335704500684	False	491	0.2619
69	29164	Needles_3	2	3.15	0.005	0.00494296305148	False	167	0.0899
70	3693	Needles_3	2	3.15	0.005	0.00499351041738	False	499	0.2653
71	46750	Needles_3	2	3.15	0.005	0.00443569107275	False	174	0.0918
72	57534	Needles_3	2	3.15	0.005	0.00390390805303	False	182	0.1004
73	40715	Needles_3	2	3.14	0.005	0.00186446787907	False	221	0.1178
74	56811	Needles_3	2	3.14	0.005	0.00468087406007	False	712	0.4596
75	835	Needles_3	2	3.15	0.005	0.00494296305148	False	167	0.0912
76	23932	Needles_3	2	3.15	0.005	0.00494296305148	False	167	0.089
77	40385	Needles_3	2	3.14	0.005	0.0042662128863	False	624	0.3722
78	63671	Needles_3	2	3.14	0.005	0.00156791336609	False	346	0.1874
79	57731	Needles_3	2	3.15	0.005	0.00494296305148	False	167	0.0913
80	55899	Needles_3	2	3.15	0.005	0.00494296305148	False	167	0.0918
81	14414	Needles_3	2	3.15	0.005	0.00498083547488	False	333	0.2417
82	38811	Needles_3	2	3.14	0.005	0.000907191001179	False	312	0.1659
83	28573	Needles_3	2	3.14	0.005	0.00223784347515	False	389	0.2677
84	25377	Needles_3	2	3.15	0.005	0.00494296305148	False	167	0.0894
85	64217	Needles_3	2	3.14	0.005	2.57831043426e-05	False	274	0.2072
86	54101	Needles_3	2	3.15	0.005	0.00494296305148	False	167	0.0883
87	20871	Needles_3	2	3.15	0.005	0.00494296305148	False	167	0.1646
88	41488	Needles_3	2	3.15	0.005	0.00494296305148	False	167	0.0896
89	7262	Needles_3	2	3.15	0.005	0.00472042528803	False	170	0.134
90	20494	Needles_3	2	3.15	0.005	0.00499351041738	False	499	0.2677
91	25562	Needles_3	2	3.14	0.005	0.00497780918871	False	792	0.4617
92	40735	Needles_3	2	3.15	0.005	0.00498083547488	False	333	0.1789
93	35081	Needles_3	2	3.14	0.005	0.00270587148675	False	426	0.3032
94	34342	Needles_3	2	3.15	0.005	0.00494296305148	False	167	0.0919
95	14878	Needles_3	2	3.15	0.005	0.00494296305148	False	167	0.091
96	144	Needles_3	2	3.14	0.005	0.00025625065646	False	266	0.1459
97	50565	Needles_3	2	3.15	0.005	0.00499351041738	False	499	0.2669
98	20898	Needles_3	2	3.14	0.005	0.00497780918871	False	792	0.4257
99	23895	Needles_3	2	3.14	0.005	0.000543622619795	False	296	0.1556
100	61115	Needles_3	2	3.15	0.005	0.00499985745703	False	665	0.3533
101	45464	Needles_3	3	3.142	0.0005	0.000469619003099	False	259	0.1581
102	42381	Needles_3	3	3.142	0.0005	0.000469619003099	False	259	0.15
103	12295	Needles_3	3	3.142	0.0005	0.000469619003099	False	259	0.1401
104	52459	Needles_3	3	3.142	0.0005	0.000469619003099	False	259	0.179
105	56040	Needles_3	3	3.142	0.0005	0.000469619003099	False	259	0.1475
106	10271	Needles_3	3	3.142	0.0005	0.000469619003099	False	259	0.1479
107	35872	Needles_3	3	3.142	0.0005	0.000469619003099	False	259	0.1487
108	24908	Needles_3	3	3.142	0.0005	0.000469619003099	False	259	0.1481
109	38911	Needles_3	3	3.142	0.0005	0.000493167721117	False	1033	0.5567
110	13594	Needles_3	3	3.142	0.0005	0.000469619003099	False	259	0.1402
111	57222	Needles_3	3	3.142	0.0005	0.000469619003099	False	259	0.1504
112	11719	Needles_3	3	3.141	0.0005	0.00047712978388	False	1173	0.6414
113	45150	Needles_3	3	3.142	0.0005	0.000469619003099	False	259	0.1517
114	62290	Needles_3	3	3.142	0.0005	0.000469619003099	False	259	0.1394
115	27520	Needles_3	3	3.141	0.0005	0.000495387837379	False	294	0.1791
116	24551	Needles_3	3	3.142	0.0005	0.000469619003099	False	259	0.1388
117	42119	Needles_3	3	3.142	0.0005	0.000469619003099	False	259	0.1431
118	62678	Needles_3	3	3.141	0.0005	0.000446490792503	False	584	0.3208
119	49147	Needles_3	3	3.142	0.0005	0.000485302926261	False	517	0.2849
120	4624	Needles_3	3	3.142	0.0005	0.000485302926261	False	517	0.2786
121	46144	Needles_3	3	3.141	0.0005	0.000498854981401	False	2059	1.1707
122	52925	Needles_3	3	3.142	0.0005	0.000485302926261	False	517	0.2797
123	54746	Needles_3	3	3.142	0.0005	0.000469619003099	False	259	0.1434
124	44	Needles_3	3	3.142	0.0005	0.000469619003099	False	259	0.1425
125	4734	Needles_3	3	3.142	0.0005	0.000485302926261	False	517	0.2795
126	6821	Needles_3	3	3.142	0.0005	0.000469619003099	False	259	0.1443
127	59486	Needles_3	3	3.142	0.0005	0.000490544427102	False	775	0.4271
128	7627	Needles_3	3	3.141	0.0005	0.000346654598789	False	864	0.4783
129	52101	Needles_3	3	3.142	0.0005	0.000485302926261	False	517	0.2808
130	43753	Needles_3	3	3.142	0.0005	0.000493167721117	False	1033	0.5608
131	43926	Needles_3	3	3.141	0.0005	0.000252664668672	False	853	0.4644
132	57524	Needles_3	3	3.142	0.0005	0.000469619003099	False	259	0.1427
133	43845	Needles_3	3	3.142	0.0005	0.000485302926261	False	517	0.2819
134	48850	Needles_3	3	3.142	0.0005	0.000497893930224	False	2581	1.5224
135	49798	Needles_3	3	3.142	0.0005	0.000494742512425	False	1291	0.7215
136	6664	Needles_3	3	3.142	0.0005	0.000469619003099	False	259	0.1378
137	9245	Needles_3	3	3.142	0.0005	0.000469619003099	False	259	0.1419
138	57560	Needles_3	3	3.142	0.0005	0.000490544427102	False	775	0.4744
139	1914	Needles_3	3	3.142	0.0005	0.000469619003099	False	259	0.1399
140	63042	Needles_3	3	3.142	0.0005	0.000469619003099	False	259	0.1423
141	37954	Needles_3	3	3.142	0.0005	0.000469619003099	False	259	0.1398
142	7693	Needles_3	3	3.141	0.0005	0.000182767703495	False	845	0.4938
143	34630	Needles_3	3	3.142	0.0005	0.000469619003099	False	259	0.1426
144	35363	Needles_3	3	3.142	0.0005	0.000485302926261	False	517	0.3252
145	62319	Needles_3	3	3.142	0.0005	0.000485302926261	False	517	0.3412
146	22804	Needles_3	3	3.142	0.0005	0.000485302926261	False	517	0.2811
147	52241	Needles_3	3	3.142	0.0005	0.000490544427102	False	775	0.4244
148	39423	Needles_3	3	3.142	0.0005	0.000469619003099	False	259	0.1418
149	55880	Needles_3	3	3.142	0.0005	0.000490544427102	False	775	0.4689
150	44704	Needles_3	3	3.142	0.0005	0.000469619003099	False	259	0.1432
151	58578	Needles_3	3	3.142	0.0005	0.000203191930025	False	1339	0.7292
152	21517	Needles_3	3	3.142	0.0005	0.000485302926261	False	517	0.3739
153	33170	Needles_3	3	3.142	0.0005	0.000485302926261	False	517	0.2818
154	39419	Needles_3	3	3.142	0.0005	0.000485302926261	False	517	0.2793
155	29423	Needles_3	3	3.142	0.0005	0.000485302926261	False	517	0.2838
156	52989	Needles_3	3	3.142	0.0005	0.000485302926261	False	517	0.2837
157	15668	Needles_3	3	3.141	0.0005	0.000413518072587	False	1744	1.0566
158	9553	Needles_3	3	3.142	0.0005	0.000469619003099	False	259	0.139
159	60438	Needles_3	3	3.142	0.0005	0.000485302926261	False	517	0.2816
160	34618	Needles_3	3	3.142	0.0005	0.000469619003099	False	259	0.1434
161	55251	Needles_3	3	3.142	0.0005	0.000490544427102	False	775	0.4787
162	29044	Needles_3	3	3.142	0.0005	0.000497105846265	False	2065	1.1407
163	57323	Needles_3	3	3.141	0.0005	0.000149099804605	False	1402	0.7657
164	58204	Needles_3	3	3.142	0.0005	0.000485302926261	False	517	0.3092
165	14291	Needles_3	3	3.142	0.0005	2.08022668469e-06	False	550	0.2992
166	45985	Needles_3	3	3.142	0.0005	0.000490544427102	False	775	0.4393
167	19716	Needles_3	3	3.142	0.0005	0.000469619003099	False	259	0.1403
168	62525	Needles_3	3	3.142	0.0005	0.000469619003099	False	259	0.1408
169	53491	Needles_3	3	3.142	0.0005	0.000496543022849	False	1807	1.0005
170	24612	Needles_3	3	3.142	0.0005	4.34964166107e-05	False	553	0.2972
171	6313	Needles_3	3	3.142	0.0005	0.000469619003099	False	259	0.1441
172	15636	Needles_3	3	3.141	0.0005	0.00013840439997	False	280	0.1533
173	52133	Needles_3	3	3.142	0.0005	0.000469619003099	False	259	0.1396
174	8970	Needles_3	3	3.142	0.0005	0.000485302926261	False	517	0.3138
175	55839	Needles_3	3	3.142	0.0005	0.000485302926261	False	517	0.2832
176	5391	Needles_3	3	3.141	0.0005	0.00042178964469	False	3492	1.9378
177	29564	Needles_3	3	3.142	0.0005	0.000485302926261	False	517	0.2978
178	55688	Needles_3	3	3.142	0.0005	0.000490544427102	False	775	0.4275
179	42054	Needles_3	3	3.142	0.0005	0.000469619003099	False	259	0.1427
180	64647	Needles_3	3	3.142	0.0005	0.000469619003099	False	259	0.142
181	49215	Needles_3	3	3.142	0.0005	0.000469619003099	False	259	0.1403
182	65118	Needles_3	3	3.142	0.0005	0.000490544427102	False	775	0.4243
183	49422	Needles_3	3	3.142	0.0005	0.000496543022849	False	1807	1.0092
184	20162	Needles_3	3	3.142	0.0005	0.000485302926261	False	517	0.2799
185	28026	Needles_3	3	3.142	0.0005	0.000494742512425	False	1291	0.7371
186	52793	Needles_3	3	3.142	0.0005	0.000485302926261	False	517	0.2839
187	19091	Needles_3	3	3.142	0.0005	0.000469619003099	False	259	0.1391
188	21440	Needles_3	3	3.141	0.0005	0.000405227463494	False	871	0.5107
189	22724	Needles_3	3	3.142	0.0005	0.000490544427102	False	775	0.4297
190	13448	Needles_3	3	3.142	0.0005	0.000469619003099	False	259	0.1419
191	58363	Needles_3	3	3.142	0.0005	0.000469619003099	False	259	0.1458
192	61049	Needles_3	3	3.142	0.0005	0.000485302926261	False	517	0.314
193	1479	Needles_3	3	3.142	0.0005	0.000469619003099	False	259	0.1812
194	7948	Needles_3	3	3.142	0.0005	0.000469619003099	False	259	0.1381
195	6553	Needles_3	3	3.142	0.0005	0.000469619003099	False	259	0.1451
196	38330	Needles_3	3	3.142	0.0005	7.50376763126e-05	False	1089	0.5958
197	44159	Needles_3	3	3.142	0.0005	0.000493167721117	False	1033	0.5613
198	8471	Needles_3	3	3.141	0.0005	0.00026993405368	False	285	0.1543
199	23083	Needles_3	3	3.141	0.0005	0.00048844340819	False	2056	1.1265
200	56619	Needles_3	3	3.142	0.0005	0.000469619003099	False	259	0.1415
201	60616	Needles_3	4	3.1416	5e-05	3.97913642298e-05	False	547	0.3045
202	26272	Needles_3	4	3.1416	5e-05	4.98287402415e-05	False	1912	1.0932
203	42639	Needles_3	4	3.1416	5e-05	2.57831043426e-05	False	274	0.17
204	41070	Needles_3	4	3.1416	5e-05	2.57831043426e-05	False	274	0.1538
205	755	Needles_3	4	3.1416	5e-05	3.97913642298e-05	False	547	0.3497
206	39459	Needles_3	4	3.1416	5e-05	2.57831043426e-05	False	274	0.1584
207	9918	Needles_3	4	3.1416	5e-05	2.57831043426e-05	False	274	0.1559
208	43499	Needles_3	4	3.1416	5e-05	4.88829244678e-05	False	4644	2.5694
209	47275	Needles_3	4	3.1416	5e-05	2.57831043426e-05	False	274	0.1532
210	6244	Needles_3	4	3.1416	5e-05	3.97913642298e-05	False	547	0.3134
211	32106	Needles_3	4	3.1416	5e-05	1.00039067412e-05	False	3854	2.1894
212	55426	Needles_3	4	3.1416	5e-05	2.57831043426e-05	False	274	0.1511
213	7042	Needles_3	4	3.1416	5e-05	2.57831043426e-05	False	274	0.1533
214	55793	Needles_3	4	3.1416	5e-05	2.57831043426e-05	False	274	0.1548
215	56283	Needles_3	4	3.1416	5e-05	4.68147657022e-05	False	1093	0.597
216	31425	Needles_3	4	3.1416	5e-05	3.97913642298e-05	False	547	0.3002
217	32429	Needles_3	4	3.1416	5e-05	3.97913642298e-05	False	547	0.3071
218	37591	Needles_3	4	3.1416	5e-05	2.57831043426e-05	False	274	0.1528
219	8447	Needles_3	4	3.1416	5e-05	1.18260006086e-05	False	549	0.3021
220	14109	Needles_3	4	3.1416	5e-05	2.57831043426e-05	False	274	0.1984
221	6039	Needles_3	4	3.1416	5e-05	4.44722008672e-05	False	820	0.4436
222	6343	Needles_3	4	3.1416	5e-05	2.57831043426e-05	False	274	0.1513
223	49750	Needles_3	4	3.1416	5e-05	4.91587632987e-05	False	1639	0.9262
224	58899	Needles_3	4	3.1416	5e-05	3.97913642298e-05	False	547	0.2973
225	24664	Needles_3	4	3.1416	5e-05	4.98287402415e-05	False	5736	3.2729
226	33688	Needles_3	4	3.1416	5e-05	4.68147657022e-05	False	1093	0.6035
227	23232	Needles_3	4	3.1416	5e-05	2.57831043426e-05	False	274	0.1509
228	62541	Needles_3	4	3.1416	5e-05	2.57831043426e-05	False	274	0.1537
229	8571	Needles_3	4	3.1416	5e-05	2.57831043426e-05	False	274	0.1496
230	45953	Needles_3	4	3.1416	5e-05	4.95195055654e-05	False	3551	2.011
231	6409	Needles_3	4	3.1416	5e-05	2.57831043426e-05	False	274	0.1542
232	22848	Needles_3	4	3.1416	5e-05	4.85726295065e-05	False	4371	2.4064
233	40552	Needles_3	4	3.1416	5e-05	4.68147657022e-05	False	1093	0.6412
234	6777	Needles_3	4	3.1416	5e-05	2.57831043426e-05	False	274	0.1734
235	37031	Needles_3	4	3.1416	5e-05	4.44722008672e-05	False	820	0.4891
236	15225	Needles_3	4	3.1416	5e-05	2.57831043426e-05	False	274	0.1513
237	20164	Needles_3	4	3.1416	5e-05	2.57831043426e-05	False	274	0.153
238	44491	Needles_3	4	3.1416	5e-05	2.57831043426e-05	False	274	0.1499
239	20945	Needles_3	4	3.1416	5e-05	2.57831043426e-05	False	274	0.1518
240	64603	Needles_3	4	3.1416	5e-05	2.57831043426e-05	False	274	0.1531
241	50724	Needles_3	4	3.1416	5e-05	4.44722008672e-05	False	820	0.4758
242	53362	Needles_3	4	3.1416	5e-05	2.57831043426e-05	False	274	0.1507
243	63329	Needles_3	4	3.1416	5e-05	3.97913642298e-05	False	547	0.3297
244	17495	Needles_3	4	3.1416	5e-05	2.57831043426e-05	False	274	0.1473
245	54341	Needles_3	4	3.1416	5e-05	4.44722008672e-05	False	820	0.4517
246	31145	Needles_3	4	3.1416	5e-05	4.91587632987e-05	False	3278	1.8552
247	22336	Needles_3	4	3.1416	5e-05	2.57831043426e-05	False	274	0.1478
248	914	Needles_3	4	3.1416	5e-05	4.98287402415e-05	False	1912	1.0645
249	49442	Needles_3	4	3.1416	5e-05	4.44722008672e-05	False	820	0.4528
250	21051	Needles_3	4	3.1416	5e-05	4.93463450408e-05	False	6829	3.8487
251	3661	Needles_3	4	3.1416	5e-05	3.97913642298e-05	False	547	0.2987
252	54881	Needles_3	4	3.1416	5e-05	2.57831043426e-05	False	274	0.15
253	4978	Needles_3	4	3.1416	5e-05	2.57831043426e-05	False	274	0.151
254	62809	Needles_3	4	3.1416	5e-05	4.44722008672e-05	False	820	0.4487
255	29157	Needles_3	4	3.1416	5e-05	4.68147657022e-05	False	1093	0.5992
256	36609	Needles_3	4	3.1416	5e-05	2.57831043426e-05	False	274	0.1498
257	57426	Needles_3	4	3.1416	5e-05	4.82209922446e-05	False	1366	0.7989
258	55316	Needles_3	4	3.1416	5e-05	3.97913642298e-05	False	547	0.3052
259	49385	Needles_3	4	3.1416	5e-05	2.57831043426e-05	False	274	0.1489
260	19072	Needles_3	4	3.1416	5e-05	2.57831043426e-05	False	274	0.1516
261	30321	Needles_3	4	3.1416	5e-05	3.97913642298e-05	False	547	0.3406
262	59002	Needles_3	4	3.1416	5e-05	4.55744059273e-05	False	4646	2.574
263	34144	Needles_3	4	3.1416	5e-05	4.44722008672e-05	False	820	0.4526
264	58803	Needles_3	4	3.1416	5e-05	4.95195055654e-05	False	14204	7.7583
265	61854	Needles_3	4	3.1416	5e-05	4.68147657022e-05	False	1093	0.7055
266	29480	Needles_3	4	3.1416	5e-05	2.57831043426e-05	False	274	0.1475
267	8266	Needles_3	4	3.1416	5e-05	2.57831043426e-05	False	274	0.1535
268	38341	Needles_3	4	3.1416	5e-05	4.68147657022e-05	False	1093	0.6608
269	3066	Needles_3	4	3.1416	5e-05	2.57831043426e-05	False	274	0.1521
270	5455	Needles_3	4	3.1416	5e-05	3.97913642298e-05	False	547	0.2959
271	50357	Needles_3	4	3.1416	5e-05	2.57831043426e-05	False	274	0.1509
272	29556	Needles_3	4	3.1416	5e-05	2.57831043426e-05	False	274	0.1501
273	62743	Needles_3	4	3.1416	5e-05	2.57831043426e-05	False	274	0.1615
274	5550	Needles_3	4	3.1416	5e-05	4.44722008672e-05	False	820	0.4474
275	32922	Needles_3	4	3.1416	5e-05	4.82209922446e-05	False	1366	0.7668
276	60153	Needles_3	4	3.1416	5e-05	3.97913642298e-05	False	547	0.3176
277	46165	Needles_3	4	3.1416	5e-05	3.97913642298e-05	False	547	0.3003
278	34009	Needles_3	4	3.1416	5e-05	4.44722008672e-05	False	820	0.4516
279	6902	Needles_3	4	3.1416	5e-05	4.96277348647e-05	False	5463	3.098
280	39481	Needles_3	4	3.1416	5e-05	2.57831043426e-05	False	274	0.1515
281	24805	Needles_3	4	3.1416	5e-05	4.82209922446e-05	False	1366	0.7913
282	25282	Needles_3	4	3.1416	5e-05	2.57831043426e-05	False	274	0.1465
283	57182	Needles_3	4	3.1416	5e-05	2.57831043426e-05	False	274	0.1537
284	17521	Needles_3	4	3.1416	5e-05	4.91587632987e-05	False	1639	0.898
285	13504	Needles_3	4	3.1416	5e-05	2.57831043426e-05	False	274	0.1517
286	19529	Needles_3	4	3.1416	5e-05	3.97913642298e-05	False	547	0.3043
287	1928	Needles_3	4	3.1416	5e-05	2.57831043426e-05	False	274	0.1487
288	16253	Needles_3	4	3.1416	5e-05	2.57831043426e-05	False	274	0.1855
289	30862	Needles_3	4	3.1416	5e-05	2.57831043426e-05	False	274	0.1488
290	32960	Needles_3	4	3.1416	5e-05	3.97913642298e-05	False	547	0.3238
291	64366	Needles_3	4	3.1416	5e-05	4.82209922446e-05	False	1366	0.75
292	2221	Needles_3	4	3.1416	5e-05	2.57831043426e-05	False	274	0.1524
293	28293	Needles_3	4	3.1416	5e-05	2.57831043426e-05	False	274	0.1635
294	3482	Needles_3	4	3.1416	5e-05	4.82209922446e-05	False	1366	0.7471
295	54185	Needles_3	4	3.1416	5e-05	2.57831043426e-05	False	274	0.1499
296	16595	Needles_3	4	3.1416	5e-05	4.44722008672e-05	False	820	0.4465
297	2051	Needles_3	4	3.1416	5e-05	2.57831043426e-05	False	274	0.1494
298	41419	Needles_3	4	3.1416	5e-05	3.97913642298e-05	False	547	0.2991
299	37411	Needles_3	4	3.1416	5e-05	3.97913642298e-05	False	547	0.3103
300	15743	Needles_3	4	3.1416	5e-05	2.57831043426e-05	False	274	0.1502
301	62869	Needles_3	5	3.14159	5e-06	2.08022668469e-06	False	275	0.1946
302	35767	Needles_3	5	3.1416	5e-06	3.47617687613e-06	False	4122	2.3158
303	28419	Needles_3	5	3.1416	5e-06	3.47617687613e-06	False	4122	2.3065
304	21015	Needles_3	5	3.14159	5e-06	2.08022668469e-06	False	275	0.1537
305	4995	Needles_3	5	3.14159	5e-06	2.08022668469e-06	False	275	0.1525
306	29791	Needles_3	5	3.14159	5e-06	2.08022668469e-06	False	275	0.1543
307	17410	Needles_3	5	3.14159	5e-06	2.08022668469e-06	False	275	0.1552
308	57910	Needles_3	5	3.14159	5e-06	2.08022668469e-06	False	275	0.1557
309	14301	Needles_3	5	3.14159	5e-06	2.08022668469e-06	False	275	0.1536
310	29985	Needles_3	5	3.1416	5e-06	2.5495466569e-06	False	1649	0.9411
311	31122	Needles_3	5	3.14159	5e-06	2.08022668469e-06	False	275	0.1527
312	14703	Needles_3	5	3.1416	5e-06	4.86654480891e-06	False	1099	0.6088
313	9159	Needles_3	5	3.1416	5e-06	4.86654480891e-06	False	1099	0.6003
314	24874	Needles_3	5	3.14159	5e-06	2.08022668469e-06	False	275	0.1496
315	53155	Needles_3	5	3.14159	5e-06	2.08022668469e-06	False	275	0.1639
316	37244	Needles_3	5	3.1416	5e-06	4.86654480891e-06	False	13188	7.2222
317	42359	Needles_3	5	3.14159	5e-06	2.08022668469e-06	False	275	0.1495
318	60965	Needles_3	5	3.14159	5e-06	2.08022668469e-06	False	275	0.1541
319	62465	Needles_3	5	3.14159	5e-06	2.08022668469e-06	False	275	0.1502
320	15774	Needles_3	5	3.14159	5e-06	2.08022668469e-06	False	825	0.4517
321	44123	Needles_3	5	3.14159	5e-06	2.08022668469e-06	False	275	0.1511
322	26222	Needles_3	5	3.14159	5e-06	2.08022668469e-06	False	550	0.3033
323	59997	Needles_3	5	3.14159	5e-06	2.08022668469e-06	False	275	0.1519
324	53980	Needles_3	5	3.1416	5e-06	4.86654480891e-06	False	1099	0.6098
325	39367	Needles_3	5	3.1416	5e-06	3.47617687613e-06	False	1374	0.7662
326	13575	Needles_3	5	3.1416	5e-06	4.42275525137e-06	False	12914	7.1395
327	12579	Needles_3	5	3.14159	5e-06	2.08022668469e-06	False	275	0.1529
328	21862	Needles_3	5	3.14159	5e-06	1.88780586852e-06	False	1924	1.0508
329	61181	Needles_3	5	3.14159	5e-06	2.08022668469e-06	False	275	0.1523
330	53820	Needles_3	5	3.14159	5e-06	2.08022668469e-06	False	550	0.3014
331	50224	Needles_3	5	3.14159	5e-06	2.08022668469e-06	False	275	0.1539
332	24304	Needles_3	5	3.1416	5e-06	3.47617687613e-06	False	1374	0.7551
333	28634	Needles_3	5	3.14159	5e-06	2.08022668469e-06	False	275	0.1529
334	19943	Needles_3	5	3.14159	5e-06	2.08022668469e-06	False	275	0.1477
335	22070	Needles_3	5	3.14159	5e-06	2.08022668469e-06	False	275	0.1515
336	10927	Needles_3	5	3.14159	5e-06	1.88780586852e-06	False	1924	1.0438
337	46182	Needles_3	5	3.14159	5e-06	2.08022668469e-06	False	275	0.1718
338	20494	Needles_3	5	3.14159	5e-06	2.08022668469e-06	False	825	0.4538
339	63437	Needles_3	5	3.14159	5e-06	2.08022668469e-06	False	275	0.1524
340	61034	Needles_3	5	3.14159	5e-06	2.08022668469e-06	False	275	0.1518
341	19157	Needles_3	5	3.14159	5e-06	2.08022668469e-06	False	275	0.1528
342	58570	Needles_3	5	3.14159	5e-06	2.08022668469e-06	False	275	0.1501
343	6061	Needles_3	5	3.1416	5e-06	2.5495466569e-06	False	1649	0.8938
344	14176	Needles_3	5	3.1416	5e-06	4.86654480891e-06	False	1099	0.6014
345	30832	Needles_3	5	3.14159	5e-06	2.08022668469e-06	False	275	0.1552
346	37585	Needles_3	5	3.14159	5e-06	2.08022668469e-06	False	275	0.1484
347	37244	Needles_3	5	3.1416	5e-06	4.86654480891e-06	False	13188	7.341
348	14027	Needles_3	5	3.1416	5e-06	4.09405555857e-06	False	2473	1.3524
349	26691	Needles_3	5	3.14159	5e-06	2.08022668469e-06	False	275	0.1504
350	42703	Needles_3	5	3.1416	5e-06	3.47617687613e-06	False	1374	0.7557
351	53265	Needles_3	5	3.14159	5e-06	2.08022668469e-06	False	275	0.1505
352	26316	Needles_3	5	3.1416	5e-06	4.86654480891e-06	False	7693	4.1968
353	30448	Needles_3	5	3.14159	5e-06	2.08022668469e-06	False	275	0.1514
354	5643	Needles_3	5	3.1416	5e-06	4.09405555857e-06	False	2473	1.3501
355	63289	Needles_3	5	3.1416	5e-06	3.47617687613e-06	False	1374	0.7605
356	19030	Needles_3	5	3.1416	5e-06	4.09405555857e-06	False	2473	1.3621
357	28665	Needles_3	5	3.14159	5e-06	2.08022668469e-06	False	550	0.318
358	10120	Needles_3	5	3.1416	5e-06	3.47617687613e-06	False	4122	2.2572
359	20993	Needles_3	5	3.14159	5e-06	2.08022668469e-06	False	550	0.3017
360	4547	Needles_3	5	3.14159	5e-06	2.08022668469e-06	False	275	0.1485
361	65340	Needles_3	5	3.14159	5e-06	2.08022668469e-06	False	825	0.458
362	64692	Needles_3	5	3.14159	5e-06	2.08022668469e-06	False	275	0.1518
363	26698	Needles_3	5	3.1416	5e-06	4.4575604079e-06	False	4671	2.5629
364	30718	Needles_3	5	3.14159	5e-06	2.08022668469e-06	False	275	0.1498
365	23577	Needles_3	5	3.1416	5e-06	3.47617687613e-06	False	1374	0.7568
366	28220	Needles_3	5	3.14159	5e-06	2.08022668469e-06	False	550	0.3025
367	52462	Needles_3	5	3.1416	5e-06	2.5495466569e-06	False	1649	0.903
368	30834	Needles_3	5	3.14159	5e-06	2.08022668469e-06	False	275	0.1542
369	54986	Needles_3	5	3.14159	5e-06	2.08022668469e-06	False	825	0.4562
370	47655	Needles_3	5	3.1416	5e-06	4.19372279348e-06	False	8518	4.6085
371	32361	Needles_3	5	3.1416	5e-06	4.09405555857e-06	False	2473	1.3573
372	32283	Needles_3	5	3.14159	5e-06	2.08022668469e-06	False	275	0.1482
373	11030	Needles_3	5	3.14159	5e-06	2.08022668469e-06	False	550	0.313
374	15440	Needles_3	5	3.14159	5e-06	2.08022668469e-06	False	550	0.3033
375	6458	Needles_3	5	3.14159	5e-06	2.08022668469e-06	False	275	0.1535
376	48556	Needles_3	5	3.14159	5e-06	2.08022668469e-06	False	275	0.1536
377	20988	Needles_3	5	3.1416	5e-06	4.86654480891e-06	False	9891	5.4256
378	3983	Needles_3	5	3.14159	5e-06	2.08022668469e-06	False	550	0.3004
379	1255	Needles_3	5	3.1416	5e-06	4.09405555857e-06	False	2473	1.3599
380	56847	Needles_3	5	3.14159	5e-06	2.08022668469e-06	False	550	0.3025
381	56927	Needles_3	5	3.14159	5e-06	2.08022668469e-06	False	275	0.1483
382	4951	Needles_3	5	3.1416	5e-06	4.86654480891e-06	False	1099	0.6023
383	62673	Needles_3	5	3.1416	5e-06	4.53545881518e-06	False	5770	3.1878
384	55523	Needles_3	5	3.14159	5e-06	2.08022668469e-06	False	275	0.1518
385	16497	Needles_3	5	3.14159	5e-06	2.08022668469e-06	False	275	0.1502
386	38446	Needles_3	5	3.14159	5e-06	2.08022668469e-06	False	275	0.1515
387	36883	Needles_3	5	3.14159	5e-06	2.08022668469e-06	False	275	0.1511
388	59693	Needles_3	5	3.14159	5e-06	2.08022668469e-06	False	275	0.1516
389	14428	Needles_3	5	3.14159	5e-06	2.08022668469e-06	False	275	0.1494
390	21065	Needles_3	5	3.14159	5e-06	1.88780586852e-06	False	1924	1.0523
391	33203	Needles_3	5	3.14159	5e-06	1.88780586852e-06	False	1924	1.0515
392	725	Needles_3	5	3.14159	5e-06	2.08022668469e-06	False	275	0.1547
393	18545	Needles_3	5	3.1416	5e-06	3.47617687613e-06	False	1374	0.7516
394	14096	Needles_3	5	3.14159	5e-06	2.08022668469e-06	False	275	0.1623
395	48992	Needles_3	5	3.14159	5e-06	2.08022668469e-06	False	550	0.2979
396	55706	Needles_3	5	3.1416	5e-06	2.5495466569e-06	False	1649	0.9006
397	44126	Needles_3	5	3.14159	5e-06	2.08022668469e-06	False	550	0.3014
398	18078	Needles_3	5	3.1416	5e-06	4.86654480891e-06	False	2198	1.2045
399	31965	Needles_3	5	3.14159	5e-06	2.08022668469e-06	False	550	0.306
400	34930	Needles_3	5	3.14159	5e-06	2.08022668469e-06	False	275	0.1486
401	64541	Needles_3	6	3.141593	5e-07	4.77636639573e-07	False	20893	11.6595
402	3982	Needles_3	6	3.141593	5e-07	4.44406623501e-07	False	3024	1.7133
403	738	Needles_3	6	3.141592	5e-07	2.88723846609e-07	False	8523	4.7765
404	63577	Needles_3	6	3.141593	5e-07	2.47497533579e-09	False	10997	6.26
405	32953	Needles_3	6	3.141593	5e-07	4.44406623501e-07	False	6048	3.4145
406	59473	Needles_3	6	3.141593	5e-07	3.70128812488e-07	False	9347	5.2288
407	11432	Needles_3	6	3.141593	5e-07	2.33956586992e-07	False	3299	1.8405
408	31779	Needles_3	6	3.141593	5e-07	4.44406623501e-07	False	3024	1.7109
409	14906	Needles_3	6	3.141593	5e-07	4.44406623501e-07	False	3024	1.6698
410	14090	Needles_3	6	3.141593	5e-07	4.44406623501e-07	False	3024	1.6847
411	1498	Needles_3	6	3.141593	5e-07	2.33956586992e-07	False	3299	1.8145
412	11322	Needles_3	6	3.141593	5e-07	4.44406623501e-07	False	3024	1.6857
413	5684	Needles_3	6	3.141592	5e-07	2.28992570239e-07	False	4124	2.2877
414	65241	Needles_3	6	3.141593	5e-07	3.34605154251e-07	False	6323	3.4529
415	1715	Needles_3	6	3.141593	5e-07	4.44406623501e-07	False	6048	3.3654
416	12893	Needles_3	6	3.141593	5e-07	1.86714299133e-07	False	13471	7.3378
417	59553	Needles_3	6	3.141593	5e-07	9.67271240881e-08	False	3849	2.1257
418	53531	Needles_3	6	3.141593	5e-07	4.44406623501e-07	False	6048	3.4023
419	55698	Needles_3	6	3.141593	5e-07	4.44406623501e-07	False	3024	1.6589
420	30144	Needles_3	6	3.141592	5e-07	4.46831529111e-07	False	4674	2.6203
421	50009	Needles_3	6	3.141593	5e-07	4.44406623501e-07	False	6048	3.3808
422	34529	Needles_3	6	3.141593	5e-07	4.44406623501e-07	False	3024	1.6822
423	60478	Needles_3	6	3.141593	5e-07	1.41362253903e-07	False	6873	3.7555
424	9770	Needles_3	6	3.141593	5e-07	4.44406623501e-07	False	6048	3.311
425	31278	Needles_3	6	3.141593	5e-07	9.67271240881e-08	False	3849	2.1084
426	52001	Needles_3	6	3.141593	5e-07	4.44406623501e-07	False	9072	5.0298
427	39673	Needles_3	6	3.141593	5e-07	9.67271240881e-08	False	7698	4.2159
428	29109	Needles_3	6	3.141593	5e-07	3.70128812488e-07	False	9347	5.1181
429	22081	Needles_3	6	3.141593	5e-07	9.67271240881e-08	False	3849	2.0918
430	18511	Needles_3	6	3.141592	5e-07	2.28992570239e-07	False	4124	2.2567
431	43647	Needles_3	6	3.141592	5e-07	3.44721068135e-07	False	8798	4.794
432	64550	Needles_3	6	3.141593	5e-07	5.58925599137e-08	False	3574	1.9538
433	28703	Needles_3	6	3.141593	5e-07	2.47497533579e-09	False	10997	6.0949
434	17281	Needles_3	6	3.141592	5e-07	2.28992570239e-07	False	4124	2.2386
435	36869	Needles_3	6	3.141593	5e-07	9.67271240881e-08	False	3849	2.1343
436	52603	Needles_3	6	3.141593	5e-07	1.41362253903e-07	False	20619	11.3081
437	19979	Needles_3	6	3.141593	5e-07	4.44406623501e-07	False	3024	1.6934
438	37976	Needles_3	6	3.141593	5e-07	2.33956586992e-07	False	3299	1.8519
439	36216	Needles_3	6	3.141593	5e-07	9.67271240881e-08	False	11547	6.3163
440	61782	Needles_3	6	3.141593	5e-07	4.44406623501e-07	False	9072	4.9824
441	62200	Needles_3	6	3.141592	5e-07	3.44721068135e-07	False	4399	2.3655
442	30133	Needles_3	6	3.141593	5e-07	4.44406623501e-07	False	6048	3.3594
443	57882	Needles_3	6	3.141593	5e-07	3.34605154251e-07	False	6323	3.4947
444	37948	Needles_3	6	3.141593	5e-07	4.0671322532e-07	False	18419	10.0659
445	9514	Needles_3	6	3.141593	5e-07	5.58925599137e-08	False	3574	1.9591
446	1849	Needles_3	6	3.141593	5e-07	9.67271240881e-08	False	3849	2.1217
447	37079	Needles_3	6	3.141593	5e-07	9.67271240881e-08	False	3849	2.1226
448	39216	Needles_3	6	3.141593	5e-07	5.58925599137e-08	False	3574	1.9488
449	60051	Needles_3	6	3.141593	5e-07	4.44406623501e-07	False	9072	5.2478
450	52488	Needles_3	6	3.141592	5e-07	3.44721068135e-07	False	4399	2.4083
451	33290	Needles_3	6	3.141592	5e-07	3.44721068135e-07	False	4399	2.401
452	20446	Needles_3	6	3.141593	5e-07	9.67271240881e-08	False	3849	2.1603
453	33820	Needles_3	6	3.141593	5e-07	5.58925599137e-08	False	3574	2.0028
454	30504	Needles_3	6	3.141593	5e-07	2.33956586992e-07	False	3299	1.8112
455	14148	Needles_3	6	3.141593	5e-07	2.33956586992e-07	False	3299	1.8103
456	47454	Needles_3	6	3.141593	5e-07	2.33956586992e-07	False	3299	1.8366
457	8573	Needles_3	6	3.141593	5e-07	2.33956586992e-07	False	3299	1.7725
458	16152	Needles_3	6	3.141592	5e-07	3.44721068135e-07	False	8798	4.8732
459	21407	Needles_3	6	3.141593	5e-07	9.67271240881e-08	False	3849	2.1095
460	41247	Needles_3	6	3.141593	5e-07	9.67271240881e-08	False	7698	4.2685
461	59765	Needles_3	6	3.141593	5e-07	4.44406623501e-07	False	3024	1.6631
462	62560	Needles_3	6	3.141593	5e-07	4.44406623501e-07	False	3024	1.7044
463	56077	Needles_3	6	3.141593	5e-07	4.44406623501e-07	False	3024	1.6557
464	57829	Needles_3	6	3.141593	5e-07	4.44406623501e-07	False	3024	1.6624
465	2769	Needles_3	6	3.141593	5e-07	9.67271240881e-08	False	3849	2.1178
466	9529	Needles_3	6	3.141593	5e-07	5.58925599137e-08	False	7148	4.0148
467	35155	Needles_3	6	3.141593	5e-07	4.44406623501e-07	False	3024	1.6455
468	30602	Needles_3	6	3.141593	5e-07	2.33956586992e-07	False	6598	3.5939
469	16136	Needles_3	6	3.141593	5e-07	3.34605154251e-07	False	6323	3.4451
470	27321	Needles_3	6	3.141593	5e-07	4.44406623501e-07	False	3024	1.656
471	49761	Needles_3	6	3.141593	5e-07	4.44406623501e-07	False	6048	3.3003
472	11968	Needles_3	6	3.141593	5e-07	5.58925599137e-08	False	3574	1.9553
473	42885	Needles_3	6	3.141593	5e-07	3.70128812488e-07	False	18694	10.1003
474	55148	Needles_3	6	3.141592	5e-07	2.28992570239e-07	False	8248	4.5171
475	48036	Needles_3	6	3.141593	5e-07	4.44406623501e-07	False	3024	1.6883
476	25148	Needles_3	6	3.141593	5e-07	2.33956586992e-07	False	6598	3.6176
477	36923	Needles_3	6	3.141593	5e-07	3.34605154251e-07	False	6323	3.4903
478	63816	Needles_3	6	3.141593	5e-07	4.44406623501e-07	False	6048	3.3856
479	4595	Needles_3	6	3.141593	5e-07	4.44406623501e-07	False	6048	3.3416
480	38722	Needles_3	6	3.141593	5e-07	2.33956586992e-07	False	6598	3.5717
481	27321	Needles_3	6	3.141593	5e-07	4.44406623501e-07	False	3024	1.6484
482	31749	Needles_3	6	3.141593	5e-07	2.33956586992e-07	False	3299	1.8315
483	59805	Needles_3	6	3.141593	5e-07	2.33956586992e-07	False	3299	1.8041
484	3875	Needles_3	6	3.141593	5e-07	1.41362253903e-07	False	6873	3.7445
485	54467	Needles_3	6	3.141593	5e-07	1.41362253903e-07	False	13746	7.5023
486	61661	Needles_3	6	3.141593	5e-07	4.44406623501e-07	False	3024	1.6616
487	61411	Needles_3	6	3.141593	5e-07	1.12122406026e-07	False	10447	5.7146
488	25837	Needles_3	6	3.141593	5e-07	4.44406623501e-07	False	3024	1.6517
489	52742	Needles_3	6	3.141593	5e-07	3.34605154251e-07	False	6323	3.4724
490	41704	Needles_3	6	3.141592	5e-07	2.28992570239e-07	False	4124	2.2501
491	38271	Needles_3	6	3.141593	5e-07	5.58925599137e-08	False	3574	2.0244
492	51118	Needles_3	6	3.141593	5e-07	4.44406623501e-07	False	6048	3.3287
493	54842	Needles_3	6	3.141593	5e-07	4.44406623501e-07	False	3024	1.6504
494	42814	Needles_3	6	3.141593	5e-07	2.33956586992e-07	False	3299	1.7967
495	35458	Needles_3	6	3.141593	5e-07	4.44406623501e-07	False	3024	1.6603
496	34853	Needles_3	6	3.141593	5e-07	9.67271240881e-08	False	11547	6.3375
497	39693	Needles_3	6	3.141593	5e-07	4.44406623501e-07	False	3024	1.6483
498	51423	Needles_3	6	3.141593	5e-07	1.41362253903e-07	False	13746	7.4777
499	22604	Needles_3	6	3.141593	5e-07	4.44406623501e-07	False	3024	1.7249
500	58275	Needles_3	6	3.141592	5e-07	3.44721068135e-07	False	4399	2.4224
501	38104	Needles_3	7	3.1415927	5e-08	2.47497533579e-09	False	10997	5.9705
502	42175	Needles_3	7	3.1415927	5e-08	2.47497533579e-09	False	10997	5.9654
503	34437	Needles_3	7	3.1415927	5e-08	2.47497533579e-09	False	10997	6.1992
504	25238	Needles_3	7	3.1415926	5e-08	4.83361790593e-08	False	11272	6.2925
505	12904	Needles_3	7	3.1415926	5e-08	2.32443357895e-08	False	7423	4.085
506	49226	Needles_3	7	3.1415927	5e-08	2.47497533579e-09	False	10997	6.2055
507	58747	Needles_3	7	3.1415926	5e-08	2.32443357895e-08	False	7423	4.122
508	9751	Needles_3	7	3.1415927	5e-08	2.47497533579e-09	False	10997	6.0658
509	65496	Needles_3	7	3.1415926	5e-08	1.73656515834e-08	False	48112	25.932
510	45929	Needles_3	7	3.1415926	5e-08	2.32443357895e-08	False	14846	8.1281
511	48899	Needles_3	7	3.1415927	5e-08	2.35181767394e-08	False	18145	9.8481
512	5649	Needles_3	7	3.1415926	5e-08	3.83732610132e-08	False	18695	10.0183
513	23500	Needles_3	7	3.1415927	5e-08	2.35181767394e-08	False	18145	10.0186
514	37595	Needles_3	7	3.1415926	5e-08	2.32443357895e-08	False	7423	4.112
515	30174	Needles_3	7	3.1415927	5e-08	1.55773323129e-08	False	14571	7.9294
516	60943	Needles_3	7	3.1415927	5e-08	2.35181767394e-08	False	18145	9.7276
517	37403	Needles_3	7	3.1415926	5e-08	2.32443357895e-08	False	7423	4.0503
518	8234	Needles_3	7	3.1415927	5e-08	2.47497533579e-09	False	10997	5.9084
519	53406	Needles_3	7	3.1415927	5e-08	1.55773323129e-08	False	14571	8.0869
520	14500	Needles_3	7	3.1415926	5e-08	2.32443357895e-08	False	7423	4.0875
521	63342	Needles_3	7	3.1415927	5e-08	1.55773323129e-08	False	14571	8.0466
522	54408	Needles_3	7	3.1415927	5e-08	2.35181767394e-08	False	18145	9.9097
523	23306	Needles_3	7	3.1415926	5e-08	3.4073467603e-08	False	26118	14.305
524	5649	Needles_3	7	3.1415926	5e-08	3.83732610132e-08	False	18695	9.996
525	50476	Needles_3	7	3.1415926	5e-08	2.32443357895e-08	False	7423	4.1948
526	65436	Needles_3	7	3.1415926	5e-08	4.83361790593e-08	False	11272	6.1219
527	43498	Needles_3	7	3.1415927	5e-08	2.47497533579e-09	False	21994	12.1053
528	15313	Needles_3	7	3.1415926	5e-08	4.83361790593e-08	False	11272	6.0204
529	9060	Needles_3	7	3.1415926	5e-08	2.32443357895e-08	False	7423	3.9619
530	29555	Needles_3	7	3.1415926	5e-08	7.8895445732e-09	False	18420	10.0907
531	32619	Needles_3	7	3.1415927	5e-08	1.55773323129e-08	False	14571	7.8613
532	19620	Needles_3	7	3.1415926	5e-08	2.32443357895e-08	False	7423	4.1269
533	33381	Needles_3	7	3.1415926	5e-08	2.32443357895e-08	False	7423	3.9527
534	38293	Needles_3	7	3.1415926	5e-08	2.32443357895e-08	False	7423	4.0589
535	397	Needles_3	7	3.1415926	5e-08	4.83361790593e-08	False	11272	6.1582
536	35546	Needles_3	7	3.1415927	5e-08	2.47497533579e-09	False	10997	5.8868
537	37540	Needles_3	7	3.1415926	5e-08	2.32443357895e-08	False	7423	3.9699
538	11232	Needles_3	7	3.1415927	5e-08	2.47497533579e-09	False	10997	6.1237
539	18373	Needles_3	7	3.1415927	5e-08	2.47497533579e-09	False	10997	5.9924
540	1699	Needles_3	7	3.1415927	5e-08	4.22829127267e-08	False	43163	23.148
541	38082	Needles_3	7	3.1415927	5e-08	2.35181767394e-08	False	18145	9.8902
542	37835	Needles_3	7	3.1415927	5e-08	2.47497533579e-09	False	10997	5.9439
543	18935	Needles_3	7	3.1415927	5e-08	2.47497533579e-09	False	10997	5.9396
544	46066	Needles_3	7	3.1415927	5e-08	2.47497533579e-09	False	10997	6.1129
545	24255	Needles_3	7	3.1415926	5e-08	2.32443357895e-08	False	14846	8.0438
546	16010	Needles_3	7	3.1415926	5e-08	2.32443357895e-08	False	7423	4.018
547	23407	Needles_3	7	3.1415926	5e-08	2.32443357895e-08	False	14846	8.2577
548	33554	Needles_3	7	3.1415927	5e-08	3.77848201616e-08	False	32441	17.3413
549	28077	Needles_3	7	3.1415927	5e-08	2.88455881403e-08	False	21719	11.984
550	62406	Needles_3	7	3.1415926	5e-08	2.32443357895e-08	False	7423	4.1738
551	9467	Needles_3	7	3.1415927	5e-08	2.47497533579e-09	False	10997	5.8464
552	13301	Needles_3	7	3.1415926	5e-08	2.32443357895e-08	False	14846	7.9792
553	49930	Needles_3	7	3.1415926	5e-08	2.32443357895e-08	False	14846	7.8888
554	3226	Needles_3	7	3.1415927	5e-08	2.88455881403e-08	False	21719	11.8549
555	60514	Needles_3	7	3.1415926	5e-08	4.01496080826e-09	False	29417	16.2396
556	5891	Needles_3	7	3.1415927	5e-08	1.55773323129e-08	False	14571	7.9695
557	34815	Needles_3	7	3.1415926	5e-08	2.32443357895e-08	False	7423	3.9426
558	52711	Needles_3	7	3.1415926	5e-08	2.32443357895e-08	False	7423	4.0972
559	7539	Needles_3	7	3.1415926	5e-08	2.32443357895e-08	False	14846	8.1191
560	64139	Needles_3	7	3.1415926	5e-08	2.32443357895e-08	False	14846	8.1366
561	51459	Needles_3	7	3.1415926	5e-08	2.32443357895e-08	False	7423	3.923
562	34553	Needles_3	7	3.1415926	5e-08	2.32443357895e-08	False	7423	4.1052
563	25877	Needles_3	7	3.1415926	5e-08	4.83361790593e-08	False	11272	6.183
564	50641	Needles_3	7	3.1415926	5e-08	2.32443357895e-08	False	14846	8.1229
565	1304	Needles_3	7	3.1415927	5e-08	2.88455881403e-08	False	21719	12.0352
566	23419	Needles_3	7	3.1415926	5e-08	2.32443357895e-08	False	7423	4.0303
567	1228	Needles_3	7	3.1415927	5e-08	2.47497533579e-09	False	10997	5.9696
568	1654	Needles_3	7	3.1415927	5e-08	2.47497533579e-09	False	10997	5.9514
569	34701	Needles_3	7	3.1415927	5e-08	2.47497533579e-09	False	21994	12.0535
570	52768	Needles_3	7	3.1415927	5e-08	2.47497533579e-09	False	10997	6.0623
571	52050	Needles_3	7	3.1415926	5e-08	4.83361790593e-08	False	11272	6.1524
572	28018	Needles_3	7	3.1415927	5e-08	2.47497533579e-09	False	10997	5.9253
573	18097	Needles_3	7	3.1415927	5e-08	2.47497533579e-09	False	10997	6.0644
574	36061	Needles_3	7	3.1415926	5e-08	2.32443357895e-08	False	7423	3.946
575	45372	Needles_3	7	3.1415927	5e-08	1.55773323129e-08	False	14571	8.1168
576	50229	Needles_3	7	3.1415926	5e-08	2.32443357895e-08	False	7423	4.067
577	33950	Needles_3	7	3.1415927	5e-08	2.47497533579e-09	False	10997	5.9706
578	58871	Needles_3	7	3.1415926	5e-08	2.32443357895e-08	False	14846	8.1935
579	23791	Needles_3	7	3.1415927	5e-08	2.47497533579e-09	False	10997	6.0047
580	14331	Needles_3	7	3.1415927	5e-08	1.55773323129e-08	False	14571	7.934
581	5305	Needles_3	7	3.1415926	5e-08	4.83361790593e-08	False	11272	6.1844
582	22342	Needles_3	7	3.1415926	5e-08	2.32443357895e-08	False	22269	12.2424
583	1010	Needles_3	7	3.1415927	5e-08	2.47497533579e-09	False	10997	5.8298
584	40616	Needles_3	7	3.1415927	5e-08	1.55773323129e-08	False	14571	7.9418
585	2818	Needles_3	7	3.1415927	5e-08	1.55773323129e-08	False	14571	8.188
586	57520	Needles_3	7	3.1415927	5e-08	2.88455881403e-08	False	21719	11.7507
587	666	Needles_3	7	3.1415927	5e-08	4.10542666529e-08	False	39589	21.594
588	9320	Needles_3	7	3.1415927	5e-08	2.35181767394e-08	False	18145	9.62
589	34130	Needles_3	7	3.1415926	5e-08	2.32443357895e-08	False	7423	4.0798
590	34775	Needles_3	7	3.1415926	5e-08	4.83361790593e-08	False	11272	6.0772
591	59075	Needles_3	7	3.1415926	5e-08	7.8895445732e-09	False	18420	10.2593
592	59807	Needles_3	7	3.1415927	5e-08	3.26674309825e-08	False	25293	13.8146
593	62439	Needles_3	7	3.1415927	5e-08	3.26674309825e-08	False	25293	13.5536
594	27271	Needles_3	7	3.1415926	5e-08	2.32443357895e-08	False	7423	4.0502
595	27077	Needles_3	7	3.1415926	5e-08	2.32443357895e-08	False	7423	4.058
596	7472	Needles_3	7	3.1415926	5e-08	2.32443357895e-08	False	7423	4.1076
597	1539	Needles_3	7	3.1415927	5e-08	2.47497533579e-09	False	10997	6.0671
598	13753	Needles_3	7	3.1415926	5e-08	2.32443357895e-08	False	7423	4.0354
599	46066	Needles_3	7	3.1415927	5e-08	2.47497533579e-09	False	10997	6.0718
600	60150	Needles_3	7	3.1415926	5e-08	2.32443357895e-08	False	7423	4.0595
