sampleId	seedInit	solverName	signifDigits	piHat	OFtol	error	isCensored	cntProbe	runtime
1	30167	Needles_3	2	3.143045434410107	0.005	0.0014527808203137482	False	231	0.1885
2	16574	Needles_3	2	3.146535616641275	0.005	0.004942963051481897	False	167	0.1347
3	36415	Needles_3	2	3.146535616641275	0.005	0.004942963051481897	False	167	0.1385
4	23713	Needles_3	2	3.146535616641275	0.005	0.004942963051481897	False	167	0.1273
5	49574	Needles_3	2	3.137386653478725	0.005	0.004206000111067976	False	613	0.4846
6	60851	Needles_3	2	3.140476618199411	0.005	0.0011160353903822973	False	322	0.2667
7	52846	Needles_3	2	3.1465734890646693	0.005	0.004980835474876155	False	333	0.2705
8	54095	Needles_3	2	3.1465925110468267	0.005	0.004999857457033574	False	665	0.5253
9	47458	Needles_3	2	3.1376443556959073	0.005	0.003948297893885844	False	570	0.4322
10	12568	Needles_3	2	3.146586164007173	0.005	0.004993510417379721	False	499	0.4003
11	34752	Needles_3	2	3.146586164007173	0.005	0.004993510417379721	False	499	0.3707
12	50652	Needles_3	2	3.1465734890646693	0.005	0.004980835474876155	False	333	0.2576
13	46219	Needles_3	2	3.138655663573613	0.005	0.0029369900161801965	False	447	0.3232
14	14980	Needles_3	2	3.146535616641275	0.005	0.004942963051481897	False	167	0.1322
15	31191	Needles_3	2	3.1430062232939924	0.005	0.0014135697041992579	False	232	0.1831
16	51442	Needles_3	2	3.146535616641275	0.005	0.004942963051481897	False	167	0.1341
17	46806	Needles_3	2	3.146586164007173	0.005	0.004993510417379721	False	499	0.3886
18	46038	Needles_3	2	3.1465734890646693	0.005	0.004980835474876155	False	333	0.2491
19	16323	Needles_3	2	3.146535616641275	0.005	0.004942963051481897	False	167	0.1307
20	21560	Needles_3	2	3.1439554070315343	0.005	0.0023627534417411944	False	210	0.1561
21	13201	Needles_3	2	3.1445089646062017	0.005	0.002916311016408546	False	199	0.1535
22	17142	Needles_3	2	3.146535616641275	0.005	0.004942963051481897	False	167	0.1262
23	36952	Needles_3	2	3.146535616641275	0.005	0.004942963051481897	False	167	0.1326
24	56993	Needles_3	2	3.1465734890646693	0.005	0.004980835474876155	False	333	0.257
25	16897	Needles_3	2	3.146535616641275	0.005	0.004942963051481897	False	167	0.1257
26	22151	Needles_3	2	3.1448375930828596	0.005	0.0032449394930664788	False	193	0.1515
27	18520	Needles_3	2	3.1400072710879687	0.005	0.001585382501824384	False	347	0.2602
28	33482	Needles_3	2	3.141296966767467	0.005	0.0002956868223260578	False	286	0.2069
29	10476	Needles_3	2	3.146535616641275	0.005	0.004942963051481897	False	167	0.1237
30	24572	Needles_3	2	3.146535616641275	0.005	0.004942963051481897	False	167	0.126
31	23783	Needles_3	2	3.146535616641275	0.005	0.004942963051481897	False	167	0.1212
32	10310	Needles_3	2	3.143543984295609	0.005	0.0019513307058161011	False	219	0.178
33	57845	Needles_3	2	3.146535616641275	0.005	0.004942963051481897	False	167	0.1262
34	22389	Needles_3	2	3.1427409587224577	0.005	0.0011483051326646176	False	239	0.1993
35	39883	Needles_3	2	3.1408398198655405	0.005	0.0007528337242526106	False	305	0.2454
36	28878	Needles_3	2	3.1386661749524114	0.005	0.002926478637381713	False	446	0.3314
37	18003	Needles_3	2	3.146535616641275	0.005	0.004942963051481897	False	167	0.1312
38	28700	Needles_3	2	3.1417608685042953	0.005	0.00016821491450214054	False	269	0.2065
39	63072	Needles_3	2	3.1374490691603683	0.005	0.0041435844294248625	False	602	0.4503
40	49077	Needles_3	2	3.133974596215561	0.005	0.007618057374231935	True	827	0.6349
41	11229	Needles_3	2	3.1404969158746985	0.005	0.0010957377150946357	False	321	0.2459
42	5863	Needles_3	2	3.146535616641275	0.005	0.004942963051481897	False	167	0.1226
43	42984	Needles_3	2	3.1406003353196112	0.005	0.000992318270181869	False	316	0.231
44	65028	Needles_3	2	3.146535616641275	0.005	0.004942963051481897	False	167	0.1243
45	44152	Needles_3	2	3.146586164007173	0.005	0.004993510417379721	False	499	0.3799
46	61547	Needles_3	2	3.138503461238994	0.005	0.003089192350798964	False	462	0.3755
47	2608	Needles_3	2	3.146535616641275	0.005	0.004942963051481897	False	167	0.129
48	60076	Needles_3	2	3.1465734890646693	0.005	0.004980835474876155	False	333	0.2417
49	53216	Needles_3	2	3.146535616641275	0.005	0.004942963051481897	False	167	0.1211
50	30086	Needles_3	2	3.146535616641275	0.005	0.004942963051481897	False	167	0.1304
51	61435	Needles_3	2	3.146535616641275	0.005	0.004942963051481897	False	167	0.1289
52	13870	Needles_3	2	3.138645199190547	0.005	0.002947454399246041	False	448	0.3344
53	45739	Needles_3	2	3.137305068687629	0.005	0.004287584902164188	False	628	0.4698
54	3383	Needles_3	2	3.133974596215561	0.005	0.007618057374231935	True	827	0.6479
55	17415	Needles_3	2	3.145309043218149	0.005	0.003716389628356076	False	185	0.1356
56	35477	Needles_3	2	3.141271393878461	0.005	0.0003212597113320115	False	287	0.2191
57	5902	Needles_3	2	3.146535616641275	0.005	0.004942963051481897	False	167	0.1232
58	36819	Needles_3	2	3.146535616641275	0.005	0.004942963051481897	False	167	0.1296
59	48226	Needles_3	2	3.1417608685042953	0.005	0.00016821491450214054	False	269	0.2132
60	9741	Needles_3	2	3.133974596215561	0.005	0.007618057374231935	True	827	0.6341
61	60463	Needles_3	2	3.140707087292286	0.005	0.0008855662975069123	False	311	0.2241
62	53013	Needles_3	2	3.146535616641275	0.005	0.004942963051481897	False	167	0.1255
63	44267	Needles_3	2	3.146586164007173	0.005	0.004993510417379721	False	499	0.3908
64	43651	Needles_3	2	3.1385732383229943	0.005	0.0030194152667988305	False	455	0.3465
65	54736	Needles_3	2	3.146535616641275	0.005	0.004942963051481897	False	167	0.117
66	603	Needles_3	2	3.142890597911765	0.005	0.0012979443219718334	False	235	0.1748
67	64602	Needles_3	2	3.146535616641275	0.005	0.004942963051481897	False	167	0.1278
68	47974	Needles_3	2	3.133974596215561	0.005	0.007618057374231935	True	827	0.6397
69	36043	Needles_3	2	3.1396935279604805	0.005	0.0018991256293126035	False	366	0.3165
70	59109	Needles_3	2	3.138076657205372	0.005	0.0035159963844209052	False	510	0.3993
71	31616	Needles_3	2	3.146535616641275	0.005	0.004942963051481897	False	167	0.1241
72	34597	Needles_3	2	3.142000139355678	0.005	0.00040748576588489627	False	261	0.1892
73	1161	Needles_3	2	3.146535616641275	0.005	0.004942963051481897	False	167	0.1205
74	42503	Needles_3	2	3.146535616641275	0.005	0.004942963051481897	False	167	0.1339
75	5762	Needles_3	2	3.146535616641275	0.005	0.004942963051481897	False	167	0.1261
76	8663	Needles_3	2	3.146535616641275	0.005	0.004942963051481897	False	167	0.1341
77	55849	Needles_3	2	3.1423207336222605	0.005	0.000728080032467382	False	251	0.1985
78	3161	Needles_3	2	3.146535616641275	0.005	0.004942963051481897	False	167	0.1264
79	6268	Needles_3	2	3.146535616641275	0.005	0.004942963051481897	False	167	0.1345
80	15018	Needles_3	2	3.146535616641275	0.005	0.004942963051481897	False	167	0.1307
81	47561	Needles_3	2	3.146535616641275	0.005	0.004942963051481897	False	167	0.1246
82	3856	Needles_3	2	3.1378058610031108	0.005	0.0037867925866823526	False	546	0.4922
83	41040	Needles_3	2	3.1400423108258524	0.005	0.0015503427639407263	False	345	0.269
84	40428	Needles_3	2	3.139677916681832	0.005	0.0019147369079610677	False	367	0.3428
85	4614	Needles_3	2	3.1384453160389785	0.005	0.003147337550814644	False	468	0.3806
86	62353	Needles_3	2	3.1367333766699765	0.005	0.00485927691981658	False	758	0.6627
87	14467	Needles_3	2	3.146535616641275	0.005	0.004942963051481897	False	167	0.1325
88	23552	Needles_3	2	3.146535616641275	0.005	0.004942963051481897	False	167	0.1476
89	12843	Needles_3	2	3.146535616641275	0.005	0.004942963051481897	False	167	0.1403
90	26490	Needles_3	2	3.146535616641275	0.005	0.004942963051481897	False	167	0.1537
91	6763	Needles_3	2	3.1465734890646693	0.005	0.004980835474876155	False	333	0.3126
92	51774	Needles_3	2	3.146535616641275	0.005	0.004942963051481897	False	167	0.1308
93	18666	Needles_3	2	3.146535616641275	0.005	0.004942963051481897	False	167	0.131
94	27517	Needles_3	2	3.146535616641275	0.005	0.004942963051481897	False	167	0.1218
95	23305	Needles_3	2	3.1436773039437833	0.005	0.0020846503539901917	False	216	0.1513
96	41204	Needles_3	2	3.146535616641275	0.005	0.004942963051481897	False	167	0.1226
97	38200	Needles_3	2	3.137331826634646	0.005	0.004260826955146957	False	623	0.3816
98	29236	Needles_3	2	3.146535616641275	0.005	0.004942963051481897	False	167	0.0713
99	60639	Needles_3	2	3.1417608685042953	0.005	0.00016821491450214054	False	269	0.1518
100	36572	Needles_3	2	3.1457564555998307	0.005	0.004163802010037632	False	178	0.0898
101	39591	Needles_3	3	3.1420858213109106	0.0005	0.0004931677211175156	False	1033	0.7964
102	10339	Needles_3	3	3.1420831980168953	0.0005	0.0004905444271021686	False	775	0.584
103	53806	Needles_3	3	3.142077956516054	0.0005	0.00048530292626081106	False	517	0.411
104	42425	Needles_3	3	3.1420858213109106	0.0005	0.0004931677211175156	False	1033	0.7925
105	27227	Needles_3	3	3.1420831980168953	0.0005	0.0004905444271021686	False	775	0.6103
106	59499	Needles_3	3	3.1420858213109106	0.0005	0.0004931677211175156	False	1033	0.8198
107	53264	Needles_3	3	3.1417319590774806	0.0005	0.00013930548768747997	False	270	0.2265
108	47801	Needles_3	3	3.1415081889949255	0.0005	8.446459486766145e-05	False	278	0.2263
109	49946	Needles_3	3	3.1405327434218715	0.0005	0.0010599101679216183	True	3831	2.9569
110	30530	Needles_3	3	3.1420831980168953	0.0005	0.0004905444271021686	False	775	0.6024
111	59027	Needles_3	3	3.14202332712077	0.0005	0.0004306735309769216	False	1041	0.7614
112	3577	Needles_3	3	3.142087396102218	0.0005	0.0004947425124250948	False	1291	1.012
113	36442	Needles_3	3	3.142062272592892	0.0005	0.0004696190030988312	False	259	0.1834
114	13116	Needles_3	3	3.142062272592892	0.0005	0.0004696190030988312	False	259	0.1984
115	54334	Needles_3	3	3.142062272592892	0.0005	0.0004696190030988312	False	259	0.1944
116	64990	Needles_3	3	3.142062272592892	0.0005	0.0004696190030988312	False	259	0.2041
117	47313	Needles_3	3	3.142062272592892	0.0005	0.0004696190030988312	False	259	0.2062
118	16323	Needles_3	3	3.142062272592892	0.0005	0.0004696190030988312	False	259	0.1821
119	58539	Needles_3	3	3.1420831980168953	0.0005	0.0004905444271021686	False	775	0.6018
120	56108	Needles_3	3	3.142062272592892	0.0005	0.0004696190030988312	False	259	0.1733
121	52932	Needles_3	3	3.142062272592892	0.0005	0.0004696190030988312	False	259	0.2054
122	49772	Needles_3	3	3.142062272592892	0.0005	0.0004696190030988312	False	259	0.1766
123	45614	Needles_3	3	3.142062272592892	0.0005	0.0004696190030988312	False	259	0.1901
124	19869	Needles_3	3	3.142077956516054	0.0005	0.00048530292626081106	False	517	0.3873
125	40888	Needles_3	3	3.1399851830098022	0.0005	0.0016074705799908884	True	3831	3.0223
126	3034	Needles_3	3	3.142062272592892	0.0005	0.0004696190030988312	False	259	0.1953
127	50817	Needles_3	3	3.142062272592892	0.0005	0.0004696190030988312	False	259	0.1942
128	32149	Needles_3	3	3.142062272592892	0.0005	0.0004696190030988312	False	259	0.2019
129	7746	Needles_3	3	3.1420884463028504	0.0005	0.0004957927130573303	False	1549	1.1984
130	26958	Needles_3	3	3.1420858213109106	0.0005	0.0004931677211175156	False	1033	0.7827
131	49601	Needles_3	3	3.142062272592892	0.0005	0.0004696190030988312	False	259	0.1885
132	13533	Needles_3	3	3.142000139355678	0.0005	0.00040748576588489627	False	1044	0.8025
133	61987	Needles_3	3	3.142062272592892	0.0005	0.0004696190030988312	False	259	0.1891
134	36105	Needles_3	3	3.142062272592892	0.0005	0.0004696190030988312	False	259	0.2033
135	17824	Needles_3	3	3.142062272592892	0.0005	0.0004696190030988312	False	259	0.1991
136	45737	Needles_3	3	3.144371020017935	0.0005	0.0027783664281417764	True	3831	3.0679
137	41344	Needles_3	3	3.142062272592892	0.0005	0.0004696190030988312	False	259	0.1976
138	59361	Needles_3	3	3.1412333677180873	0.0005	0.0003592858717058611	False	577	0.4317
139	60856	Needles_3	3	3.142077956516054	0.0005	0.00048530292626081106	False	517	0.3934
140	43565	Needles_3	3	3.142062272592892	0.0005	0.0004696190030988312	False	259	0.1898
141	40092	Needles_3	3	3.142062272592892	0.0005	0.0004696190030988312	False	259	0.1936
142	45141	Needles_3	3	3.1417223702482326	0.0005	0.00012971665843952707	False	1622	1.2795
143	1295	Needles_3	3	3.142724896109017	0.0005	0.0011322425192239471	True	3831	3.0262
144	46672	Needles_3	3	3.1372502425141926	0.0005	0.004342411075600516	True	3831	3.0956
145	23117	Needles_3	3	3.142077956516054	0.0005	0.00048530292626081106	False	517	0.4077
146	4013	Needles_3	3	3.142062272592892	0.0005	0.0004696190030988312	False	259	0.2095
147	36102	Needles_3	3	3.142062272592892	0.0005	0.0004696190030988312	False	259	0.2088
148	44136	Needles_3	3	3.1420858213109106	0.0005	0.0004931677211175156	False	1033	0.8354
149	45301	Needles_3	3	3.142062272592892	0.0005	0.0004696190030988312	False	259	0.23
150	41533	Needles_3	3	3.1420858213109106	0.0005	0.0004931677211175156	False	1033	0.87
151	12205	Needles_3	3	3.142087396102218	0.0005	0.0004947425124250948	False	1291	1.0479
152	58570	Needles_3	3	3.141080494837835	0.0005	0.0005121587519583137	True	3831	3.3126
153	19147	Needles_3	3	3.1372502425141926	0.0005	0.004342411075600516	True	3831	3.2886
154	31310	Needles_3	3	3.142062272592892	0.0005	0.0004696190030988312	False	259	0.2089
155	7336	Needles_3	3	3.1416653314209984	0.0005	7.267783120523674e-05	False	817	0.6978
156	29542	Needles_3	3	3.1372502425141926	0.0005	0.004342411075600516	True	3831	3.2837
157	38499	Needles_3	3	3.144371020017935	0.0005	0.0027783664281417764	True	3831	3.271
158	50374	Needles_3	3	3.1412544442903947	0.0005	0.0003382092993984287	False	863	0.7007
159	26170	Needles_3	3	3.1420912751180023	0.0005	0.000498621528209231	False	3355	2.8859
160	24364	Needles_3	3	3.1413835196108697	0.0005	0.0002091339789234148	False	1696	1.4333
161	18159	Needles_3	3	3.142062272592892	0.0005	0.0004696190030988312	False	259	0.208
162	13025	Needles_3	3	3.142062272592892	0.0005	0.0004696190030988312	False	259	0.2209
163	45860	Needles_3	3	3.141097265752415	0.0005	0.0004953878373781251	False	588	0.5096
164	60126	Needles_3	3	3.142062272592892	0.0005	0.0004696190030988312	False	259	0.2184
165	37459	Needles_3	3	3.1399851830098022	0.0005	0.0016074705799908884	True	3831	3.4497
166	39003	Needles_3	3	3.1394378135017385	0.0005	0.002154840088054666	True	3831	3.419
167	49510	Needles_3	3	3.1377968494037325	0.0005	0.003795804186060625	True	3831	3.377
168	41034	Needles_3	3	3.142062272592892	0.0005	0.0004696190030988312	False	259	0.2213
169	64851	Needles_3	3	3.142077956516054	0.0005	0.00048530292626081106	False	517	0.6242
170	65339	Needles_3	3	3.142062272592892	0.0005	0.0004696190030988312	False	259	0.1938
171	30138	Needles_3	3	3.142077956516054	0.0005	0.00048530292626081106	False	517	0.4084
172	3719	Needles_3	3	3.142062272592892	0.0005	0.0004696190030988312	False	259	0.2327
173	24063	Needles_3	3	3.142062272592892	0.0005	0.0004696190030988312	False	259	0.2062
174	11590	Needles_3	3	3.1420858213109106	0.0005	0.0004931677211175156	False	1033	0.8349
175	64588	Needles_3	3	3.1413109913120443	0.0005	0.0002816622777488398	False	3140	3.2324
176	52459	Needles_3	3	3.142077956516054	0.0005	0.00048530292626081106	False	517	0.4092
177	40928	Needles_3	3	3.1417415716708663	0.0005	0.0001489180810732016	False	809	0.6435
178	35181	Needles_3	3	3.1420884463028504	0.0005	0.0004957927130573303	False	1549	1.6804
179	55869	Needles_3	3	3.1420831980168953	0.0005	0.0004905444271021686	False	775	0.6425
180	33272	Needles_3	3	3.1420831980168953	0.0005	0.0004905444271021686	False	775	0.9716
181	54244	Needles_3	3	3.142724896109017	0.0005	0.0011322425192239471	True	3831	4.148
182	39212	Needles_3	3	3.1420831980168953	0.0005	0.0004905444271021686	False	775	0.8173
183	64247	Needles_3	3	3.1419389535121702	0.0005	0.0003462999223771135	False	526	0.5092
184	47162	Needles_3	3	3.1420831980168953	0.0005	0.0004905444271021686	False	775	0.8993
185	14540	Needles_3	3	3.142062272592892	0.0005	0.0004696190030988312	False	259	0.4047
186	35544	Needles_3	3	3.142062272592892	0.0005	0.0004696190030988312	False	259	0.2774
187	52361	Needles_3	3	3.142062272592892	0.0005	0.0004696190030988312	False	259	0.2514
188	51283	Needles_3	3	3.1383436467984187	0.0005	0.003249006791374409	True	3831	3.5729
189	7533	Needles_3	3	3.142062272592892	0.0005	0.0004696190030988312	False	259	0.2591
190	24345	Needles_3	3	3.1420897594360584	0.0005	0.0004971058462652778	False	2065	2.1438
191	50001	Needles_3	3	3.1411957358381777	0.0005	0.0003969177516154332	False	580	0.6841
192	41724	Needles_3	3	3.142062272592892	0.0005	0.0004696190030988312	False	259	0.2057
193	6264	Needles_3	3	3.1394378135017385	0.0005	0.002154840088054666	True	3831	3.2341
194	19657	Needles_3	3	3.1420831980168953	0.0005	0.0004905444271021686	False	775	0.7051
195	27871	Needles_3	3	3.142077956516054	0.0005	0.00048530292626081106	False	517	0.4709
196	60196	Needles_3	3	3.142077956516054	0.0005	0.00048530292626081106	False	517	0.4559
197	25037	Needles_3	3	3.1420831980168953	0.0005	0.0004905444271021686	False	775	0.6648
198	31870	Needles_3	3	3.1420908341339535	0.0005	0.0004981805441603981	False	2839	1.7762
199	58707	Needles_3	3	3.1432734125408364	0.0005	0.0016807589510432486	True	3831	2.0447
200	41254	Needles_3	3	3.142062272592892	0.0005	0.0004696190030988312	False	259	0.2187
201	53636	Needles_3	4	3.141618436694136	5e-05	2.5783104343091168e-05	False	274	0.2255
202	31239	Needles_3	4	3.141618436694136	5e-05	2.5783104343091168e-05	False	274	0.239
203	27190	Needles_3	4	3.141618436694136	5e-05	2.5783104343091168e-05	False	274	0.2025
204	51323	Needles_3	4	3.1416371257906603	5e-05	4.447220086722936e-05	False	820	0.6286
205	3012	Needles_3	4	3.141618436694136	5e-05	2.5783104343091168e-05	False	274	0.2169
206	52775	Needles_3	4	3.1416394683554953	5e-05	4.681476570222998e-05	False	1093	0.8507
207	14449	Needles_3	4	3.141639710771541	5e-05	4.705718174768947e-05	False	7924	6.4316
208	6741	Needles_3	4	3.1416371257906603	5e-05	4.447220086722936e-05	False	820	0.6603
209	20832	Needles_3	4	3.1416394683554953	5e-05	4.681476570222998e-05	False	2186	1.7148
210	15025	Needles_3	4	3.141618436694136	5e-05	2.5783104343091168e-05	False	274	0.2211
211	9204	Needles_3	4	3.1416408745820377	5e-05	4.822099224455201e-05	False	1366	1.1012
212	27184	Needles_3	4	3.141618436694136	5e-05	2.5783104343091168e-05	False	274	0.2206
213	64630	Needles_3	4	3.141618436694136	5e-05	2.5783104343091168e-05	False	274	0.2297
214	53033	Needles_3	4	3.141641812353092	5e-05	4.915876329869562e-05	False	1639	1.3461
215	16858	Needles_3	4	3.1416371257906603	5e-05	4.447220086722936e-05	False	820	0.6798
216	46883	Needles_3	4	3.141618436694136	5e-05	2.5783104343091168e-05	False	274	0.2161
217	25617	Needles_3	4	3.141632444954023	5e-05	3.979136422982421e-05	False	547	0.4269
218	43376	Needles_3	4	3.1416371257906603	5e-05	4.447220086722936e-05	False	820	0.7051
219	34503	Needles_3	4	3.1416371257906603	5e-05	4.447220086722936e-05	False	820	0.7139
220	36891	Needles_3	4	3.141618436694136	5e-05	2.5783104343091168e-05	False	274	0.2338
221	53018	Needles_3	4	3.1416371257906603	5e-05	4.447220086722936e-05	False	820	0.7469
222	19609	Needles_3	4	3.141618436694136	5e-05	2.5783104343091168e-05	False	274	0.2386
223	26176	Needles_3	4	3.141632444954023	5e-05	3.979136422982421e-05	False	547	0.4383
224	23624	Needles_3	4	3.141632444954023	5e-05	3.979136422982421e-05	False	547	0.4396
225	8109	Needles_3	4	3.140932039866031	5e-05	0.0006606137237619158	True	17757	15.9814
226	14795	Needles_3	4	3.141632444954023	5e-05	3.979136422982421e-05	False	547	0.4675
227	6684	Needles_3	4	3.141632444954023	5e-05	3.979136422982421e-05	False	547	0.4331
228	52214	Needles_3	4	3.140813859749773	5e-05	0.0007787938400203309	True	17757	15.9412
229	35913	Needles_3	4	3.141641386065082	5e-05	4.873247528891511e-05	False	3005	2.5434
230	44873	Needles_3	4	3.141632444954023	5e-05	3.979136422982421e-05	False	547	0.4927
231	48006	Needles_3	4	3.141618436694136	5e-05	2.5783104343091168e-05	False	274	0.217
232	42127	Needles_3	4	3.1416408745820377	5e-05	4.822099224455201e-05	False	2732	2.2571
233	59301	Needles_3	4	3.141618436694136	5e-05	2.5783104343091168e-05	False	274	0.2312
234	682	Needles_3	4	3.141618436694136	5e-05	2.5783104343091168e-05	False	274	0.2346
235	52733	Needles_3	4	3.141632444954023	5e-05	3.979136422982421e-05	False	547	0.4747
236	21877	Needles_3	4	3.141618436694136	5e-05	2.5783104343091168e-05	False	274	0.2177
237	17480	Needles_3	4	3.1416394683554953	5e-05	4.681476570222998e-05	False	1093	0.8842
238	33617	Needles_3	4	3.1416394683554953	5e-05	4.681476570222998e-05	False	1093	1.0272
239	32918	Needles_3	4	3.1416371257906603	5e-05	4.447220086722936e-05	False	820	0.7738
240	21006	Needles_3	4	3.141618436694136	5e-05	2.5783104343091168e-05	False	274	0.2919
241	36725	Needles_3	4	3.141618436694136	5e-05	2.5783104343091168e-05	False	274	0.2686
242	13425	Needles_3	4	3.141640249528767	5e-05	4.7595938974076546e-05	False	2459	2.1718
243	13222	Needles_3	4	3.141642620960573	5e-05	4.996737077966884e-05	False	7921	7.0375
244	54802	Needles_3	4	3.1416394683554953	5e-05	4.681476570222998e-05	False	2186	1.9044
245	62948	Needles_3	4	3.141632444954023	5e-05	3.979136422982421e-05	False	547	0.448
246	50312	Needles_3	4	3.141618436694136	5e-05	2.5783104343091168e-05	False	274	0.2328
247	2048	Needles_3	4	3.141632444954023	5e-05	3.979136422982421e-05	False	547	0.5105
248	40959	Needles_3	4	3.141618436694136	5e-05	2.5783104343091168e-05	False	274	0.2611
249	27079	Needles_3	4	3.14164260603089	5e-05	4.995244109684549e-05	False	17754	16.0456
250	45174	Needles_3	4	3.141641812353092	5e-05	4.915876329869562e-05	False	3278	3.518
251	59061	Needles_3	4	3.1416422201512004	5e-05	4.9566561407310417e-05	False	12565	10.9599
252	45320	Needles_3	4	3.1416424823300346	5e-05	4.982874024150874e-05	False	1912	2.0406
253	14511	Needles_3	4	3.141618436694136	5e-05	2.5783104343091168e-05	False	274	0.227
254	6129	Needles_3	4	3.141618436694136	5e-05	2.5783104343091168e-05	False	274	0.2479
255	49898	Needles_3	4	3.141618436694136	5e-05	2.5783104343091168e-05	False	274	0.2469
256	32786	Needles_3	4	3.1416408745820377	5e-05	4.822099224455201e-05	False	4098	3.5378
257	17977	Needles_3	4	3.141618436694136	5e-05	2.5783104343091168e-05	False	274	0.2728
258	57947	Needles_3	4	3.141618436694136	5e-05	2.5783104343091168e-05	False	274	0.2115
259	3415	Needles_3	4	3.1416424823300346	5e-05	4.982874024150874e-05	False	7648	6.3699
260	56261	Needles_3	4	3.141618436694136	5e-05	2.5783104343091168e-05	False	274	0.2258
261	19556	Needles_3	4	3.141640249528767	5e-05	4.7595938974076546e-05	False	2459	2.1406
262	51125	Needles_3	4	3.1421143303596475	5e-05	0.0005216767698543734	True	17757	14.6754
263	54480	Needles_3	4	3.141618436694136	5e-05	2.5783104343091168e-05	False	274	0.229
264	15072	Needles_3	4	3.141641386065082	5e-05	4.873247528891511e-05	False	6010	4.9423
265	16757	Needles_3	4	3.141641999934834	5e-05	4.9346345040834905e-05	False	6829	5.6605
266	64389	Needles_3	4	3.141618436694136	5e-05	2.5783104343091168e-05	False	274	0.2276
267	2605	Needles_3	4	3.141618436694136	5e-05	2.5783104343091168e-05	False	274	0.2415
268	7327	Needles_3	4	3.1416412262192996	5e-05	4.8572629506526965e-05	False	4371	3.6955
269	29989	Needles_3	4	3.141632444954023	5e-05	3.979136422982421e-05	False	547	0.4979
270	20560	Needles_3	4	3.141618436694136	5e-05	2.5783104343091168e-05	False	274	0.2881
271	55685	Needles_3	4	3.141618436694136	5e-05	2.5783104343091168e-05	False	274	0.2098
272	621	Needles_3	4	3.141632444954023	5e-05	3.979136422982421e-05	False	547	0.4411
273	8267	Needles_3	4	3.141641812353092	5e-05	4.915876329869562e-05	False	3278	2.695
274	21919	Needles_3	4	3.141632444954023	5e-05	3.979136422982421e-05	False	547	0.4235
275	61537	Needles_3	4	3.141618436694136	5e-05	2.5783104343091168e-05	False	274	0.2324
276	21201	Needles_3	4	3.1415767177345804	5e-05	1.5935855212756422e-05	False	551	0.464
277	53642	Needles_3	4	3.1416424823300346	5e-05	4.982874024150874e-05	False	1912	1.5457
278	42031	Needles_3	4	3.1416394683554953	5e-05	4.681476570222998e-05	False	1093	0.8959
279	11981	Needles_3	4	3.1415832746372447	5e-05	9.378952548377839e-06	False	5230	4.2897
280	36688	Needles_3	4	3.140104965768224	5e-05	0.0014876878215690503	True	17757	14.6663
281	42045	Needles_3	4	3.141618436694136	5e-05	2.5783104343091168e-05	False	274	0.223
282	45234	Needles_3	4	3.141618436694136	5e-05	2.5783104343091168e-05	False	274	0.2138
283	6757	Needles_3	4	3.1416408745820377	5e-05	4.822099224455201e-05	False	1366	1.0999
284	58430	Needles_3	4	3.142587495811749	5e-05	0.0009948422219556718	True	17757	14.3154
285	27530	Needles_3	4	3.141618436694136	5e-05	2.5783104343091168e-05	False	274	0.2614
286	19031	Needles_3	4	3.141618436694136	5e-05	2.5783104343091168e-05	False	274	0.2196
287	4089	Needles_3	4	3.1416412262192996	5e-05	4.8572629506526965e-05	False	4371	3.7423
288	21369	Needles_3	4	3.141642059173081	5e-05	4.940558328803135e-05	False	10380	8.4949
289	36691	Needles_3	4	3.141632444954023	5e-05	3.979136422982421e-05	False	547	0.4205
290	43736	Needles_3	4	3.141618436694136	5e-05	2.5783104343091168e-05	False	274	0.2259
291	57681	Needles_3	4	3.1416394683554953	5e-05	4.681476570222998e-05	False	2186	1.7675
292	56802	Needles_3	4	3.1416371257906603	5e-05	4.447220086722936e-05	False	820	0.6502
293	24790	Needles_3	4	3.141618436694136	5e-05	2.5783104343091168e-05	False	274	0.2105
294	9260	Needles_3	4	3.1416394683554953	5e-05	4.681476570222998e-05	False	1093	0.868
295	58554	Needles_3	4	3.141632444954023	5e-05	3.979136422982421e-05	False	547	0.4567
296	61742	Needles_3	4	3.141641386065082	5e-05	4.873247528891511e-05	False	3005	2.4323
297	40676	Needles_3	4	3.1415462161037393	5e-05	4.643748605381859e-05	False	7745	4.7742
298	27187	Needles_3	4	3.141618436694136	5e-05	2.5783104343091168e-05	False	274	0.2191
299	41080	Needles_3	4	3.141632444954023	5e-05	3.979136422982421e-05	False	547	0.442
300	56644	Needles_3	4	3.1416408745820377	5e-05	4.822099224455201e-05	False	2732	1.6047
301	62916	Needles_3	5	3.1415905733631084	5e-06	2.080226684686437e-06	False	550	0.4488
302	28881	Needles_3	5	3.1415905733631084	5e-06	2.080226684686437e-06	False	275	0.2359
303	1165	Needles_3	5	3.1415905733631084	5e-06	2.080226684686437e-06	False	825	0.6748
304	51021	Needles_3	5	3.141597520134602	5e-06	4.866544808912465e-06	False	1099	0.8724
305	44534	Needles_3	5	3.1415905733631084	5e-06	2.080226684686437e-06	False	275	0.227
306	2581	Needles_3	5	3.1415961297666692	5e-06	3.476176876127113e-06	False	1374	1.1369
307	50080	Needles_3	5	3.1415905733631084	5e-06	2.080226684686437e-06	False	275	0.2163
308	26481	Needles_3	5	3.1415905733631084	5e-06	2.080226684686437e-06	False	275	0.2121
309	44081	Needles_3	5	3.141597520134602	5e-06	4.866544808912465e-06	False	16485	14.2843
310	34095	Needles_3	5	3.1415961297666692	5e-06	3.476176876127113e-06	False	1374	1.1816
311	39747	Needles_3	5	3.1415905733631084	5e-06	2.080226684686437e-06	False	550	0.5123
312	2375	Needles_3	5	3.1415905733631084	5e-06	2.080226684686437e-06	False	275	0.2145
313	2641	Needles_3	5	3.1415905733631084	5e-06	2.080226684686437e-06	False	275	0.2196
314	53548	Needles_3	5	3.141597520134602	5e-06	4.866544808912465e-06	False	1099	0.9349
315	40968	Needles_3	5	3.1415905733631084	5e-06	2.080226684686437e-06	False	275	0.2364
316	29678	Needles_3	5	3.1415905733631084	5e-06	2.080226684686437e-06	False	275	0.2315
317	40547	Needles_3	5	3.1415961297666692	5e-06	3.476176876127113e-06	False	1374	1.1408
318	17172	Needles_3	5	3.1415905733631084	5e-06	2.080226684686437e-06	False	275	0.2199
319	10773	Needles_3	5	3.1415905733631084	5e-06	2.080226684686437e-06	False	275	0.243
320	23948	Needles_3	5	3.1415905733631084	5e-06	2.080226684686437e-06	False	275	0.2962
321	17667	Needles_3	5	3.1415905733631084	5e-06	2.080226684686437e-06	False	275	0.2556
322	2761	Needles_3	5	3.1415961297666692	5e-06	3.476176876127113e-06	False	4122	3.9414
323	37092	Needles_3	5	3.142066409612523	5e-06	0.00047375602272969886	True	82320	71.3699
324	45382	Needles_3	5	3.141597520134602	5e-06	4.866544808912465e-06	False	4396	4.2529
325	37114	Needles_3	5	3.1415945413956616	5e-06	1.8878058685167787e-06	False	1924	1.6823
326	21933	Needles_3	5	3.1415905733631084	5e-06	2.080226684686437e-06	False	275	0.2265
327	10138	Needles_3	5	3.1415905733631084	5e-06	2.080226684686437e-06	False	825	0.7547
328	48222	Needles_3	5	3.1415945413956616	5e-06	1.8878058685167787e-06	False	1924	1.5904
329	9908	Needles_3	5	3.141597520134602	5e-06	4.866544808912465e-06	False	6594	5.4074
330	3342	Needles_3	5	3.1415967476453517	5e-06	4.0940555585677885e-06	False	7419	6.33
331	45248	Needles_3	5	3.141597520134602	5e-06	4.866544808912465e-06	False	1099	0.9371
332	23200	Needles_3	5	3.1415905733631084	5e-06	2.080226684686437e-06	False	550	0.4882
333	64067	Needles_3	5	3.141597520134602	5e-06	4.866544808912465e-06	False	1099	0.9524
334	8004	Needles_3	5	3.1415905733631084	5e-06	2.080226684686437e-06	False	275	0.2391
335	11383	Needles_3	5	3.1415905733631084	5e-06	2.080226684686437e-06	False	275	0.2339
336	61815	Needles_3	5	3.1415905733631084	5e-06	2.080226684686437e-06	False	550	0.5263
337	48986	Needles_3	5	3.1415976421209026	5e-06	4.988531109528793e-06	False	31321	27.9603
338	12548	Needles_3	5	3.1415971541991237	5e-06	4.500609330548855e-06	False	10441	8.8673
339	719	Needles_3	5	3.1415967476453517	5e-06	4.0940555585677885e-06	False	4946	4.3837
340	5957	Needles_3	5	3.1415905733631084	5e-06	2.080226684686437e-06	False	825	0.6919
341	49994	Needles_3	5	3.1415905733631084	5e-06	2.080226684686437e-06	False	550	0.513
342	43411	Needles_3	5	3.1415905733631084	5e-06	2.080226684686437e-06	False	275	0.2396
343	62805	Needles_3	5	3.14159520313645	5e-06	2.5495466569047665e-06	False	1649	1.3553
344	59231	Needles_3	5	3.1415905733631084	5e-06	2.080226684686437e-06	False	825	0.6962
345	38910	Needles_3	5	3.1415905733631084	5e-06	2.080226684686437e-06	False	275	0.2268
346	16782	Needles_3	5	3.1415905733631084	5e-06	2.080226684686437e-06	False	275	0.2137
347	55845	Needles_3	5	3.1415905733631084	5e-06	2.080226684686437e-06	False	275	0.2228
348	58869	Needles_3	5	3.1415905733631084	5e-06	2.080226684686437e-06	False	275	0.2253
349	47303	Needles_3	5	3.1415905733631084	5e-06	2.080226684686437e-06	False	275	0.2446
350	14173	Needles_3	5	3.1415961297666692	5e-06	3.476176876127113e-06	False	1374	1.1905
351	26957	Needles_3	5	3.1415905733631084	5e-06	2.080226684686437e-06	False	825	0.7235
352	24436	Needles_3	5	3.14159520313645	5e-06	2.5495466569047665e-06	False	1649	1.4004
353	36636	Needles_3	5	3.141597464510145	5e-06	4.810920351872028e-06	False	34344	30.3755
354	14782	Needles_3	5	3.1415961297666692	5e-06	3.476176876127113e-06	False	1374	1.1957
355	41367	Needles_3	5	3.141597577598737	5e-06	4.9240089436963785e-06	False	66489	56.6666
356	12077	Needles_3	5	3.1415905733631084	5e-06	2.080226684686437e-06	False	275	0.2421
357	58604	Needles_3	5	3.1415905733631084	5e-06	2.080226684686437e-06	False	275	0.2416
358	61794	Needles_3	5	3.1415905733631084	5e-06	2.080226684686437e-06	False	275	0.2271
359	22889	Needles_3	5	3.1415971890486083	5e-06	4.535458815180249e-06	False	5770	5.1219
360	36507	Needles_3	5	3.1415905733631084	5e-06	2.080226684686437e-06	False	275	0.2347
361	16994	Needles_3	5	3.1415967476453517	5e-06	4.0940555585677885e-06	False	4946	4.1606
362	11254	Needles_3	5	3.1415971541991237	5e-06	4.500609330548855e-06	False	10441	8.9427
363	9273	Needles_3	5	3.1415905733631084	5e-06	2.080226684686437e-06	False	275	0.242
364	61393	Needles_3	5	3.141597520134602	5e-06	4.866544808912465e-06	False	57148	51.0321
365	28009	Needles_3	5	3.1415973322174007	5e-06	4.6786276075572175e-06	False	10166	8.4496
366	10389	Needles_3	5	3.1415905733631084	5e-06	2.080226684686437e-06	False	550	0.4992
367	37942	Needles_3	5	3.141597520134602	5e-06	4.866544808912465e-06	False	18683	15.3635
368	37374	Needles_3	5	3.1415905733631084	5e-06	2.080226684686437e-06	False	275	0.2175
369	49959	Needles_3	5	3.1415905733631084	5e-06	2.080226684686437e-06	False	275	0.2241
370	40938	Needles_3	5	3.1415905733631084	5e-06	2.080226684686437e-06	False	275	0.2254
371	13124	Needles_3	5	3.1415905733631084	5e-06	2.080226684686437e-06	False	275	0.2253
372	60888	Needles_3	5	3.1415945413956616	5e-06	1.8878058685167787e-06	False	1924	1.7372
373	18287	Needles_3	5	3.1415905733631084	5e-06	2.080226684686437e-06	False	275	0.2529
374	46598	Needles_3	5	3.1415967476453517	5e-06	4.0940555585677885e-06	False	2473	2.0494
375	30229	Needles_3	5	3.141597520134602	5e-06	4.866544808912465e-06	False	3297	2.6916
376	1872	Needles_3	5	3.1415973094401872	5e-06	4.6558503941085405e-06	False	18134	15.1547
377	940	Needles_3	5	3.141454249189823	5e-06	0.00013840439997014897	True	82320	79.6058
378	44824	Needles_3	5	3.1415956243040704	5e-06	2.9707142772394945e-06	False	3023	2.6514
379	29360	Needles_3	5	3.141597520134602	5e-06	4.866544808912465e-06	False	1099	0.9293
380	3604	Needles_3	5	3.1415905733631084	5e-06	2.080226684686437e-06	False	275	0.2337
381	42608	Needles_3	5	3.1415966133153774	5e-06	3.959725584312679e-06	False	6320	5.3092
382	164	Needles_3	5	3.1415905733631084	5e-06	2.080226684686437e-06	False	275	0.2341
383	36166	Needles_3	5	3.141597520134602	5e-06	4.866544808912465e-06	False	2198	2.3544
384	54059	Needles_3	5	3.140918804456707	5e-06	0.0006738491330859908	True	82320	79.7811
385	28631	Needles_3	5	3.1415905733631084	5e-06	2.080226684686437e-06	False	275	0.254
386	21674	Needles_3	5	3.1415905733631084	5e-06	2.080226684686437e-06	False	275	0.3332
387	49436	Needles_3	5	3.142245001345439	5e-06	0.0006523477556457102	True	82320	78.1563
388	24822	Needles_3	5	3.141597365624226	5e-06	4.712034432863277e-06	False	12364	13.5149
389	8700	Needles_3	5	3.1415905733631084	5e-06	2.080226684686437e-06	False	550	0.7016
390	38219	Needles_3	5	3.1415961297666692	5e-06	3.476176876127113e-06	False	4122	4.4706
391	5832	Needles_3	5	3.141597111150201	5e-06	4.457560407900019e-06	False	4671	4.5363
392	13030	Needles_3	5	3.1415905733631084	5e-06	2.080226684686437e-06	False	275	0.2246
393	14232	Needles_3	5	3.1415905733631084	5e-06	2.080226684686437e-06	False	275	0.2255
394	53839	Needles_3	5	3.141597520134602	5e-06	4.866544808912465e-06	False	1099	0.9485
395	50058	Needles_3	5	3.1415961297666692	5e-06	3.476176876127113e-06	False	1374	1.3334
396	61498	Needles_3	5	3.1415976081496417	5e-06	4.954559848613371e-06	False	21705	20.2908
397	34547	Needles_3	5	3.141597620905613	5e-06	4.967315820003648e-06	False	37915	27.4235
398	28024	Needles_3	5	3.1415970763450445	5e-06	4.422755251365373e-06	False	12914	10.8042
399	51059	Needles_3	5	3.141597520134602	5e-06	4.866544808912465e-06	False	1099	0.9027
400	44212	Needles_3	5	3.1415905733631084	5e-06	2.080226684686437e-06	False	550	0.4088
401	29549	Needles_3	6	3.1415927094823535	5e-07	5.589256035776202e-08	False	3574	2.6508
402	11224	Needles_3	6	3.141592962220869	5e-07	3.08631075807142e-07	False	25567	20.1797
403	9789	Needles_3	6	3.1415928403040922	5e-07	1.8671429913297288e-07	False	13471	10.6365
404	22830	Needles_3	6	3.1415931349269814	5e-07	4.813371883294337e-07	False	244393	193.3052
405	47526	Needles_3	6	3.14159304187527	5e-07	3.882854771042332e-07	False	12371	9.7601
406	38125	Needles_3	6	3.1415930979964166	5e-07	4.4440662350098137e-07	False	3024	2.4204
407	2140	Needles_3	6	3.1415930979964166	5e-07	4.4440662350098137e-07	False	3024	2.4148
408	60237	Needles_3	6	3.141592794952047	5e-07	1.4136225390259938e-07	False	6873	5.5522
409	21204	Needles_3	6	3.1415927094823535	5e-07	5.589256035776202e-08	False	3574	2.8342
410	35864	Needles_3	6	3.1415925568626695	5e-07	9.672712364405811e-08	False	3849	3.0857
411	57917	Needles_3	6	3.1415926303454573	5e-07	2.324433578948515e-08	False	7423	5.862
412	2238	Needles_3	6	3.1415930979964166	5e-07	4.4440662350098137e-07	False	3024	2.3329
413	6102	Needles_3	6	3.141592920150554	5e-07	2.665607610197185e-07	False	19519	15.5695
414	32113	Needles_3	6	3.141592308868725	5e-07	3.4472106813510095e-07	False	4399	3.5607
415	7564	Needles_3	6	3.141592206758264	5e-07	4.4683152911062507e-07	False	4674	3.6573
416	6332	Needles_3	6	3.1415925568626695	5e-07	9.672712364405811e-08	False	3849	2.9919
417	1134	Needles_3	6	3.141593069620453	5e-07	4.16030659700084e-07	False	24467	19.594
418	62894	Needles_3	6	3.1415931293364037	5e-07	4.7574661055094225e-07	False	265836	209.1283
419	34040	Needles_3	6	3.1415925568626695	5e-07	9.672712364405811e-08	False	3849	3.1603
420	61139	Needles_3	6	3.141592424597223	5e-07	2.2899257023922814e-07	False	4124	3.2188
421	57453	Needles_3	6	3.14159288754638	5e-07	2.3395658699243427e-07	False	6598	5.131
422	28690	Needles_3	6	3.141592308868725	5e-07	3.4472106813510095e-07	False	4399	3.6616
423	3094	Needles_3	6	3.1415925568626695	5e-07	9.672712364405811e-08	False	3849	3.2695
424	32456	Needles_3	6	3.1415929536865677	5e-07	3.0009677454145844e-07	False	9622	7.4303
425	58981	Needles_3	6	3.141592206758264	5e-07	4.4683152911062507e-07	False	4674	3.6522
426	29626	Needles_3	6	3.141592812873355	5e-07	1.592835618957622e-07	False	17045	13.3955
427	64731	Needles_3	6	3.1415931338188576	5e-07	4.802290645145035e-07	False	193810	152.9961
428	38437	Needles_3	6	3.1415930979964166	5e-07	4.4440662350098137e-07	False	6048	4.7802
429	9266	Needles_3	6	3.1415929963009877	5e-07	3.427111945342176e-07	False	40962	32.2775
430	43196	Needles_3	6	3.141592911913684	5e-07	2.5832389072277806e-07	False	26117	20.4238
431	47077	Needles_3	6	3.141593046873881	5e-07	3.9328408796279746e-07	False	67903	53.7721
432	11729	Needles_3	6	3.1415926303454573	5e-07	2.324433578948515e-08	False	7423	5.7315
433	28605	Needles_3	6	3.1418230067255424	5e-07	0.00023035313574926164	True	381632	350.4344
434	22741	Needles_3	6	3.1415930979964166	5e-07	4.4440662350098137e-07	False	39312	30.8129
435	33375	Needles_3	6	3.141592308868725	5e-07	3.4472106813510095e-07	False	4399	3.6604
436	12625	Needles_3	6	3.141592920150554	5e-07	2.665607610197185e-07	False	19519	15.4007
437	43254	Needles_3	6	3.1415930979964166	5e-07	4.4440662350098137e-07	False	3024	2.6272
438	18854	Needles_3	6	3.141592656064768	5e-07	2.4749748916974568e-09	False	10997	8.3998
439	42570	Needles_3	6	3.14159288754638	5e-07	2.3395658699243427e-07	False	3299	2.4909
440	50890	Needles_3	6	3.1415930979964166	5e-07	4.4440662350098137e-07	False	3024	2.2753
441	62076	Needles_3	6	3.1415930622587984	5e-07	4.086690053028974e-07	False	58281	45.2361
442	4718	Needles_3	6	3.1415926303454573	5e-07	2.324433578948515e-08	False	7423	5.5421
443	15886	Needles_3	6	3.141592794952047	5e-07	1.4136225390259938e-07	False	6873	5.2525
444	9322	Needles_3	6	3.1415931350580046	5e-07	4.814682115217295e-07	False	131131	112.4253
445	22261	Needles_3	6	3.1415931447646708	5e-07	4.911748776592617e-07	False	14845	11.5881
446	49463	Needles_3	6	3.14159304187527	5e-07	3.882854771042332e-07	False	12371	9.3065
447	17664	Needles_3	6	3.1415931464082942	5e-07	4.928185011188191e-07	False	86046	74.5563
448	57486	Needles_3	6	3.1415925568626695	5e-07	9.672712364405811e-08	False	3849	4.709
449	53776	Needles_3	6	3.1415925568626695	5e-07	9.672712364405811e-08	False	7698	7.1065
450	59040	Needles_3	6	3.141592308868725	5e-07	3.4472106813510095e-07	False	8798	6.6264
451	4660	Needles_3	6	3.141592794952047	5e-07	1.4136225390259938e-07	False	6873	4.802
452	46739	Needles_3	6	3.1419330534509857	5e-07	0.00034039986119260845	True	381632	361.6678
453	38280	Needles_3	6	3.1415930979964166	5e-07	4.4440662350098137e-07	False	3024	2.5572
454	48271	Needles_3	6	3.1415930979964166	5e-07	4.4440662350098137e-07	False	3024	3.2772
455	50622	Needles_3	6	3.1415931374570936	5e-07	4.838673004492478e-07	False	193535	194.5066
456	13936	Needles_3	6	3.1415931065284206	5e-07	4.5293862749318237e-07	False	81373	83.1796
457	11299	Needles_3	6	3.141592308868725	5e-07	3.4472106813510095e-07	False	4399	5.2898
458	63882	Needles_3	6	3.14159288754638	5e-07	2.3395658699243427e-07	False	3299	3.946
459	49991	Needles_3	6	3.1415930979964166	5e-07	4.4440662350098137e-07	False	3024	3.7985
460	48917	Needles_3	6	3.141592794952047	5e-07	1.4136225390259938e-07	False	6873	8.5904
461	8426	Needles_3	6	3.1415927094823535	5e-07	5.589256035776202e-08	False	3574	4.7602
462	59946	Needles_3	6	3.141592765712199	5e-07	1.1212240602631596e-07	False	10447	10.7196
463	36883	Needles_3	6	3.1415927094823535	5e-07	5.589256035776202e-08	False	14296	13.5432
464	16667	Needles_3	6	3.1415930979964166	5e-07	4.4440662350098137e-07	False	3024	3.1429
465	39000	Needles_3	6	3.1415930979964166	5e-07	4.4440662350098137e-07	False	3024	2.4563
466	10651	Needles_3	6	3.14159288754638	5e-07	2.3395658699243427e-07	False	19794	16.4659
467	64551	Needles_3	6	3.1415930309491253	5e-07	3.773593322264901e-07	False	31065	28.4745
468	9563	Needles_3	6	3.141593060303018	5e-07	4.0671322487639827e-07	False	36838	31.7243
469	54829	Needles_3	6	3.141592308868725	5e-07	3.4472106813510095e-07	False	8798	7.523
470	59769	Needles_3	6	3.1415929536865677	5e-07	3.0009677454145844e-07	False	9622	8.2617
471	62641	Needles_3	6	3.14159288754638	5e-07	2.3395658699243427e-07	False	3299	2.9305
472	6083	Needles_3	6	3.1419660689719042	5e-07	0.0003734153821111086	True	381632	349.4038
473	47695	Needles_3	6	3.1415927094823535	5e-07	5.589256035776202e-08	False	3574	3.0754
474	17254	Needles_3	6	3.1415930979964166	5e-07	4.4440662350098137e-07	False	3024	2.5445
475	8605	Needles_3	6	3.1415930804584695	5e-07	4.2686867640640003e-07	False	39587	36.632
476	4281	Needles_3	6	3.1415930171822275	5e-07	3.635924343825536e-07	False	34364	32.4356
477	42745	Needles_3	6	3.1415931415392557	5e-07	4.87949462613102e-07	False	175391	157.2028
478	3531	Needles_3	6	3.1415929732838803	5e-07	3.196940872030041e-07	False	22268	19.2652
479	37907	Needles_3	6	3.1415929673708876	5e-07	3.137810944409125e-07	False	15945	13.7944
480	47944	Needles_3	6	3.141592424597223	5e-07	2.2899257023922814e-07	False	8248	7.2196
481	44639	Needles_3	6	3.1415930979964166	5e-07	4.4440662350098137e-07	False	3024	2.5444
482	64393	Needles_3	6	3.14159288754638	5e-07	2.3395658699243427e-07	False	3299	2.8809
483	14526	Needles_3	6	3.141593140882001	5e-07	4.872922079179887e-07	False	145701	134.9041
484	37252	Needles_3	6	3.1415930979964166	5e-07	4.4440662350098137e-07	False	9072	7.7064
485	58115	Needles_3	6	3.141520417975295	5e-07	7.22356144979841e-05	True	381632	340.2341
486	31094	Needles_3	6	3.1415930979964166	5e-07	4.4440662350098137e-07	False	3024	2.99
487	53062	Needles_3	6	3.141498413794297	5e-07	9.42397954961649e-05	True	381632	306.6112
488	35689	Needles_3	6	3.1415930979964166	5e-07	4.4440662350098137e-07	False	21168	19.5704
489	27454	Needles_3	6	3.141592308868725	5e-07	3.4472106813510095e-07	False	4399	3.7572
490	33464	Needles_3	6	3.141503914810648	5e-07	8.873877914528094e-05	True	381632	280.3585
491	57304	Needles_3	6	3.141592424597223	5e-07	2.2899257023922814e-07	False	4124	4.0877
492	30209	Needles_3	6	3.1415930979964166	5e-07	4.4440662350098137e-07	False	6048	5.9921
493	31767	Needles_3	6	3.1415930979964166	5e-07	4.4440662350098137e-07	False	3024	2.8065
494	24719	Needles_3	6	3.1415928495976106	5e-07	1.9600781753226215e-07	False	16770	15.4114
495	5632	Needles_3	6	3.1415927094823535	5e-07	5.589256035776202e-08	False	14296	13.0988
496	8393	Needles_3	6	3.141592988194947	5e-07	3.3460515380667744e-07	False	6323	5.695
497	51487	Needles_3	6	3.1415927094823535	5e-07	5.589256035776202e-08	False	3574	3.2518
498	44651	Needles_3	6	3.1415927094823535	5e-07	5.589256035776202e-08	False	3574	3.3258
499	42703	Needles_3	6	3.141592308868725	5e-07	3.4472106813510095e-07	False	4399	3.9932
500	3188	Needles_3	6	3.1415930979964166	5e-07	4.4440662350098137e-07	False	3024	2.7426
