sampleId	seedInit	solverName	signifDigits	piHat	OFtol	error	isCensored	numThrows	runtime
1	5994	Needles_3	2	3.15	0.005	0.00494296305148	False	167	0.1018
2	1688	Needles_3	2	3.14	0.005	0.00367098609436	False	530	0.3303
3	11513	Needles_3	2	3.15	0.005	0.00498083547488	False	333	0.2084
4	59011	Needles_3	2	3.15	0.005	0.00494296305148	False	167	0.1482
5	48056	Needles_3	2	3.15	0.005	0.00494296305148	False	167	0.1384
6	25544	Needles_3	2	3.15	0.005	0.00494296305148	False	167	0.1569
7	60934	Needles_3	2	3.14	0.005	0.00013840439997	False	280	0.1554
8	25365	Needles_3	2	3.15	0.005	0.00494296305148	False	167	0.0942
9	11261	Needles_3	2	3.14	0.005	0.00288395677572	False	442	0.2621
10	19091	Needles_3	2	3.15	0.005	0.00494296305148	False	167	0.1016
11	30410	Needles_3	2	3.14	0.005	0.00156791336609	False	346	0.192
12	43883	Needles_3	2	3.15	0.005	0.00494296305148	False	167	0.1017
13	23545	Needles_3	2	3.15	0.005	0.00494296305148	False	167	0.0954
14	50857	Needles_3	2	3.14	0.005	0.00115625408307	False	324	0.1933
15	56970	Needles_3	2	3.15	0.005	0.00494296305148	False	167	0.0973
16	54091	Needles_3	2	3.14	0.005	0.00195133070582	False	219	0.1194
17	62583	Needles_3	2	3.14	0.005	0.000638158496246	False	300	0.1623
18	64934	Needles_3	2	3.14	0.005	0.00234644325108	False	397	0.2173
19	59872	Needles_3	2	3.14	0.005	0.00484094209181	False	753	0.4074
20	63124	Needles_3	2	3.15	0.005	0.00450563545446	False	173	0.0975
21	63404	Needles_3	2	3.15	0.005	0.00494296305148	False	167	0.0907
22	64093	Needles_3	2	3.14	0.005	0.00381469014581	False	550	0.3
23	1447	Needles_3	2	3.14	0.005	0.00369323007778	False	533	0.2857
24	6542	Needles_3	2	3.14	0.005	0.000819847837972	False	308	0.168
25	19960	Needles_3	2	3.14	0.005	0.00457388583833	False	687	0.3755
26	3610	Needles_3	2	3.14	0.005	0.0016371898242	False	350	0.1945
27	61777	Needles_3	2	3.14	0.005	0.00131227347843	False	332	0.18
28	34266	Needles_3	2	3.14	0.005	0.00474153181552	False	727	0.3932
29	2710	Needles_3	2	3.15	0.005	0.00498083547488	False	333	0.1792
30	25410	Needles_3	2	3.14	0.005	0.0030194152668	False	455	0.2469
31	51458	Needles_3	2	3.15	0.005	0.00494296305148	False	167	0.0924
32	8127	Needles_3	2	3.15	0.005	0.00494296305148	False	167	0.0902
33	44348	Needles_3	2	3.15	0.005	0.00494296305148	False	167	0.09
34	27910	Needles_3	2	3.14	0.005	0.00495763751327	False	786	0.4179
35	4019	Needles_3	2	3.15	0.005	0.00494296305148	False	167	0.0936
36	858	Needles_3	2	3.14	0.005	0.00442012411279	False	654	0.3543
37	53759	Needles_3	2	3.15	0.005	0.00494296305148	False	167	0.0904
38	7016	Needles_3	2	3.14	0.005	0.0018358164218	False	362	0.251
39	4718	Needles_3	2	3.14	0.005	0.0016371898242	False	350	0.1899
40	30305	Needles_3	2	3.15	0.005	0.00494296305148	False	167	0.0899
41	6557	Needles_3	2	3.15	0.005	0.00494296305148	False	167	0.0939
42	42602	Needles_3	2	3.15	0.005	0.00498083547488	False	333	0.1849
43	31896	Needles_3	2	3.14	0.005	0.00276294568374	False	431	0.2299
44	47611	Needles_3	2	3.14	0.005	0.0027080533217	False	203	0.1077
45	37694	Needles_3	2	3.15	0.005	0.00498083547488	False	333	0.1804
46	10759	Needles_3	2	3.15	0.005	0.00499985745703	False	665	0.3598
47	58828	Needles_3	2	3.15	0.005	0.00494296305148	False	167	0.0907
48	11435	Needles_3	2	3.15	0.005	0.00498083547488	False	333	0.2111
49	7713	Needles_3	2	3.14	0.005	0.00113620712353	False	323	0.1764
50	22907	Needles_3	2	3.15	0.005	0.00494296305148	False	167	0.0923
51	46415	Needles_3	2	3.15	0.005	0.00494296305148	False	167	0.0911
52	20656	Needles_3	2	3.14	0.005	0.00350792675624	False	509	0.2775
53	55077	Needles_3	2	3.15	0.005	0.00494296305148	False	167	0.0893
54	7188	Needles_3	2	3.14	0.005	0.000829313505056	False	248	0.1338
55	15198	Needles_3	2	3.14	0.005	0.00101326370465	False	317	0.1719
56	59953	Needles_3	2	3.15	0.005	0.00494296305148	False	167	0.0894
57	21695	Needles_3	2	3.14	0.005	0.00391578378154	False	565	0.3491
58	33151	Needles_3	2	3.15	0.005	0.00396780065244	False	181	0.0987
59	54990	Needles_3	2	3.15	0.005	0.00494296305148	False	167	0.091
60	65012	Needles_3	2	3.14	0.005	0.0044778022678	False	666	0.3834
61	54812	Needles_3	2	3.15	0.005	0.00494296305148	False	167	0.0918
62	8055	Needles_3	2	3.14	0.005	0.00213908080742	False	382	0.2043
63	22070	Needles_3	2	3.15	0.005	0.00494296305148	False	167	0.0931
64	17408	Needles_3	2	3.15	0.005	0.00499351041738	False	499	0.27
65	8896	Needles_3	2	3.15	0.005	0.00494296305148	False	167	0.0875
66	64489	Needles_3	2	3.15	0.005	0.00494296305148	False	167	0.0894
67	8466	Needles_3	2	3.14	0.005	0.00324099788231	False	478	0.2582
68	17780	Needles_3	2	3.14	0.005	0.00267097829575	False	423	0.2676
69	29390	Needles_3	2	3.15	0.005	0.00494296305148	False	167	0.0874
70	31646	Needles_3	2	3.15	0.005	0.00494296305148	False	167	0.0875
71	35000	Needles_3	2	3.15	0.005	0.00494296305148	False	167	0.0919
72	51549	Needles_3	2	3.15	0.005	0.00359473187878	False	187	0.0998
73	61383	Needles_3	2	3.14	0.005	0.00138749157659	False	336	0.1835
74	59557	Needles_3	2	3.14	0.005	0.0026592368106	False	422	0.2746
75	42749	Needles_3	2	3.15	0.005	0.00494296305148	False	167	0.093
76	16046	Needles_3	2	3.15	0.005	0.00498083547488	False	333	0.224
77	33313	Needles_3	2	3.15	0.005	0.00494296305148	False	167	0.0911
78	2161	Needles_3	2	3.14	0.005	0.00313314192668	False	195	0.106
79	40830	Needles_3	2	3.14	0.005	0.0037441703579	False	540	0.2887
80	29811	Needles_3	2	3.14	0.005	0.000407485765885	False	261	0.1381
81	45173	Needles_3	2	3.14	0.005	0.00499767727706	False	798	0.4838
82	45943	Needles_3	2	3.14	0.005	0.00153223341764	False	229	0.1247
83	30666	Needles_3	2	3.14	0.005	0.00302362206962	False	197	0.1247
84	16107	Needles_3	2	3.15	0.005	0.00494296305148	False	167	0.091
85	40828	Needles_3	2	3.14	0.005	0.000661928348927	False	253	0.1707
86	19428	Needles_3	2	3.14	0.005	0.00233310864537	False	396	0.2152
87	60764	Needles_3	2	3.15	0.005	0.00494296305148	False	167	0.0891
88	2779	Needles_3	2	3.15	0.005	0.00498083547488	False	333	0.1806
89	61328	Needles_3	2	3.15	0.005	0.00494296305148	False	167	0.1389
90	23039	Needles_3	2	3.15	0.005	0.00494296305148	False	167	0.0896
91	31778	Needles_3	2	3.15	0.005	0.00494296305148	False	167	0.0923
92	52896	Needles_3	2	3.15	0.005	0.00494296305148	False	167	0.0889
93	43920	Needles_3	2	3.15	0.005	0.00494296305148	False	167	0.093
94	37874	Needles_3	2	3.15	0.005	0.00494296305148	False	167	0.0911
95	43282	Needles_3	2	3.14	0.005	0.00140601654923	False	337	0.184
96	40779	Needles_3	2	3.14	0.005	0.00296969464001	False	198	0.1053
97	34999	Needles_3	2	3.14	0.005	0.00267097829575	False	423	0.228
98	41824	Needles_3	2	3.15	0.005	0.00494296305148	False	167	0.0883
99	7391	Needles_3	2	3.14	0.005	0.00468087406007	False	712	0.3872
100	20621	Needles_3	2	3.14	0.005	0.00291631101641	False	199	0.1067
101	50597	Needles_3	3	3.142	0.0005	0.000469619003099	False	259	0.1465
102	17822	Needles_3	3	3.142	0.0005	0.000444650617061	False	1299	0.7133
103	58843	Needles_3	3	3.142	0.0005	0.000485302926261	False	517	0.2847
104	3261	Needles_3	3	3.142	0.0005	4.34964166107e-05	False	2212	1.2102
105	46842	Needles_3	3	3.142	0.0005	0.000301019306035	False	529	0.2874
106	31028	Needles_3	3	3.142	0.0005	0.000494742512425	False	1291	0.7092
107	52078	Needles_3	3	3.141	0.0005	0.000355080326224	False	1730	0.9652
108	29180	Needles_3	3	3.142	0.0005	0.000494742512425	False	1291	0.7047
109	17138	Needles_3	3	3.142	0.0005	0.000469619003099	False	259	0.1446
110	34818	Needles_3	3	3.142	0.0005	0.000497893930224	False	2581	1.4373
111	38044	Needles_3	3	3.142	0.0005	0.00049754365179	False	2323	1.3128
112	22564	Needles_3	3	3.142	0.0005	0.000485302926261	False	517	0.3029
113	62298	Needles_3	3	3.142	0.0005	0.000493167721117	False	1033	0.568
114	50920	Needles_3	3	3.142	0.0005	0.000469619003099	False	259	0.1464
115	49836	Needles_3	3	3.141	0.0005	0.000188643080556	False	2537	1.4129
116	47280	Needles_3	3	3.142	0.0005	0.000496543022849	False	1807	1.0086
117	30523	Needles_3	3	3.142	0.0005	0.000485302926261	False	517	0.2864
118	54218	Needles_3	3	3.142	0.0005	0.000490544427102	False	775	0.4255
119	23714	Needles_3	3	3.142	0.0005	0.000469619003099	False	259	0.1412
120	8917	Needles_3	3	3.142	0.0005	0.000469619003099	False	259	0.1424
121	16868	Needles_3	3	3.142	0.0005	6.09002887773e-05	False	1091	0.65
122	28251	Needles_3	3	3.141	0.0005	0.000278538413539	False	856	0.5141
123	22728	Needles_3	3	3.142	0.0005	0.000469619003099	False	259	0.1455
124	12565	Needles_3	3	3.142	0.0005	0.000469619003099	False	259	0.1442
125	21105	Needles_3	3	3.142	0.0005	0.000490544427102	False	775	0.4823
126	18232	Needles_3	3	3.142	0.0005	0.000469619003099	False	259	0.1407
127	40552	Needles_3	3	3.142	0.0005	0.000493167721117	False	1033	0.6104
128	8487	Needles_3	3	3.142	0.0005	0.000469619003099	False	259	0.1822
129	6429	Needles_3	3	3.142	0.0005	0.000485302926261	False	517	0.2964
130	3666	Needles_3	3	3.142	0.0005	2.08022668469e-06	False	825	0.45
131	1712	Needles_3	3	3.142	0.0005	0.000469619003099	False	259	0.1436
132	49698	Needles_3	3	3.142	0.0005	0.000469619003099	False	259	0.1376
133	23585	Needles_3	3	3.141	0.0005	9.67918438795e-05	False	3063	1.7113
134	9711	Needles_3	3	3.142	0.0005	4.34964166107e-05	False	2212	1.2733
135	3502	Needles_3	3	3.142	0.0005	0.000241440045745	False	533	0.2921
136	2492	Needles_3	3	3.142	0.0005	0.000485302926261	False	517	0.2853
137	62168	Needles_3	3	3.141	0.0005	0.000295686822326	False	286	0.1609
138	27959	Needles_3	3	3.141	0.0005	0.000176462335728	False	1970	1.1143
139	37131	Needles_3	3	3.142	0.0005	0.000469619003099	False	259	0.1426
140	3284	Needles_3	3	3.142	0.0005	0.000469619003099	False	259	0.1442
141	43914	Needles_3	3	3.142	0.0005	0.000469619003099	False	259	0.1433
142	2589	Needles_3	3	3.142	0.0005	0.000469619003099	False	259	0.1409
143	55644	Needles_3	3	3.142	0.0005	0.000496543022849	False	1807	0.9984
144	43084	Needles_3	3	3.142	0.0005	0.000469619003099	False	259	0.1418
145	4932	Needles_3	3	3.142	0.0005	0.000493167721117	False	1033	0.5704
146	19756	Needles_3	3	3.142	0.0005	0.000469619003099	False	259	0.1562
147	26668	Needles_3	3	3.141	0.0005	0.000396917751615	False	290	0.1641
148	56786	Needles_3	3	3.142	0.0005	0.000485302926261	False	517	0.2858
149	62739	Needles_3	3	3.142	0.0005	0.000469619003099	False	259	0.1417
150	48016	Needles_3	3	3.141	0.0005	0.000141081121779	False	2801	1.547
151	59512	Needles_3	3	3.142	0.0005	0.000346299922377	False	1315	0.7523
152	60624	Needles_3	3	3.142	0.0005	0.000469619003099	False	259	0.1409
153	28327	Needles_3	3	3.142	0.0005	0.000469619003099	False	259	0.1428
154	30418	Needles_3	3	3.142	0.0005	0.000494742512425	False	1291	0.7087
155	6081	Needles_3	3	3.142	0.0005	0.000469619003099	False	259	0.1431
156	26659	Needles_3	3	3.142	0.0005	0.000485302926261	False	517	0.2871
157	23725	Needles_3	3	3.142	0.0005	8.2125908853e-05	False	816	0.4518
158	24818	Needles_3	3	3.142	0.0005	0.000469619003099	False	259	0.1504
159	28724	Needles_3	3	3.142	0.0005	0.000469619003099	False	259	0.1433
160	36097	Needles_3	3	3.142	0.0005	0.000490544427102	False	775	0.4674
161	26386	Needles_3	3	3.142	0.0005	0.000139305487688	False	270	0.1499
162	16319	Needles_3	3	3.142	0.0005	0.000469619003099	False	259	0.1673
163	39938	Needles_3	3	3.142	0.0005	0.000469619003099	False	259	0.1432
164	24279	Needles_3	3	3.142	0.0005	0.000485302926261	False	517	0.3153
165	41443	Needles_3	3	3.142	0.0005	0.000469619003099	False	259	0.1429
166	9364	Needles_3	3	3.142	0.0005	0.000469619003099	False	259	0.1411
167	43620	Needles_3	3	3.141	0.0005	0.000307333048419	False	3151	1.7206
168	24529	Needles_3	3	3.142	0.0005	0.000469619003099	False	259	0.1441
169	7190	Needles_3	3	3.142	0.0005	0.000493167721117	False	1033	0.5695
170	51676	Needles_3	3	3.142	0.0005	0.000490544427102	False	775	0.4392
171	17387	Needles_3	3	3.142	0.0005	0.00022668504433	False	801	0.443
172	8839	Needles_3	3	3.142	0.0005	0.000469619003099	False	259	0.1468
173	51641	Needles_3	3	3.142	0.0005	0.000469619003099	False	259	0.1463
174	19672	Needles_3	3	3.141	0.0005	0.000471022947286	False	2637	1.44
175	25187	Needles_3	3	3.142	0.0005	0.000497893930224	False	2581	1.4069
176	6688	Needles_3	3	3.142	0.0005	0.000494742512425	False	1291	0.697
177	58620	Needles_3	3	3.142	0.0005	0.000469619003099	False	259	0.1444
178	9820	Needles_3	3	3.141	0.0005	0.000495387837379	False	588	0.3261
179	23356	Needles_3	3	3.142	0.0005	0.000495792713058	False	1549	0.8713
180	46992	Needles_3	3	3.142	0.0005	0.000469619003099	False	259	0.1465
181	4891	Needles_3	3	3.142	0.0005	0.000469619003099	False	259	0.1413
182	31029	Needles_3	3	3.142	0.0005	0.000469619003099	False	259	0.1518
183	35089	Needles_3	3	3.141	0.0005	0.00026993405368	False	855	0.4682
184	23048	Needles_3	3	3.142	0.0005	0.000173054114185	False	1613	0.8823
185	4884	Needles_3	3	3.142	0.0005	8.89892752154e-05	False	3338	1.8368
186	45832	Needles_3	3	3.141	0.0005	0.000434161451675	False	583	0.3165
187	5784	Needles_3	3	3.142	0.0005	0.000469619003099	False	259	0.1708
188	13262	Needles_3	3	3.142	0.0005	0.000469619003099	False	259	0.1426
189	7756	Needles_3	3	3.142	0.0005	0.000469619003099	False	259	0.1449
190	45951	Needles_3	3	3.142	0.0005	0.000490544427102	False	775	0.4208
191	18532	Needles_3	3	3.142	0.0005	0.000490544427102	False	775	0.4322
192	40841	Needles_3	3	3.142	0.0005	0.000469619003099	False	259	0.1418
193	59418	Needles_3	3	3.142	0.0005	0.000485302926261	False	517	0.283
194	25266	Needles_3	3	3.141	0.0005	0.000178355068676	False	563	0.3088
195	18492	Needles_3	3	3.142	0.0005	0.000469619003099	False	259	0.1405
196	49285	Needles_3	3	3.142	0.0005	0.000469619003099	False	259	0.1413
197	14548	Needles_3	3	3.142	0.0005	0.000469619003099	False	259	0.1505
198	12791	Needles_3	3	3.142	0.0005	0.000485302926261	False	517	0.2908
199	65375	Needles_3	3	3.142	0.0005	0.000497105846265	False	2065	1.1366
200	16873	Needles_3	3	3.142	0.0005	0.000469619003099	False	259	0.143
201	42602	Needles_3	4	3.1416	5e-05	3.97913642298e-05	False	547	0.323
202	15697	Needles_3	4	3.1416	5e-05	4.75959389741e-05	False	2459	1.4402
203	31753	Needles_3	4	3.1416	5e-05	2.57831043426e-05	False	274	0.1878
204	51744	Needles_3	4	3.1416	5e-05	2.57831043426e-05	False	274	0.1677
205	40077	Needles_3	4	3.1416	5e-05	2.57831043426e-05	False	274	0.157
206	38573	Needles_3	4	3.1416	5e-05	1.1641230762e-05	False	7985	4.363
207	44910	Needles_3	4	3.1416	5e-05	3.97913642298e-05	False	547	0.3012
208	38471	Needles_3	4	3.1416	5e-05	2.57831043426e-05	False	274	0.1532
209	17244	Needles_3	4	3.1416	5e-05	2.57831043426e-05	False	274	0.1514
210	13604	Needles_3	4	3.1416	5e-05	2.57831043426e-05	False	274	0.1526
211	65405	Needles_3	4	3.1416	5e-05	2.57831043426e-05	False	274	0.154
212	24490	Needles_3	4	3.1416	5e-05	4.98287402415e-05	False	1912	1.0915
213	35016	Needles_3	4	3.1416	5e-05	1.59358552128e-05	False	2204	1.2666
214	57009	Needles_3	4	3.1416	5e-05	3.97913642298e-05	False	547	0.2967
215	52250	Needles_3	4	3.1416	5e-05	3.97913642298e-05	False	547	0.3007
216	63896	Needles_3	4	3.1416	5e-05	2.57831043426e-05	False	274	0.158
217	15508	Needles_3	4	3.1416	5e-05	2.57831043426e-05	False	274	0.1507
218	27242	Needles_3	4	3.1416	5e-05	4.44722008672e-05	False	820	0.4516
219	22700	Needles_3	4	3.1416	5e-05	2.57831043426e-05	False	274	0.1519
220	36510	Needles_3	4	3.1416	5e-05	4.82209922446e-05	False	1366	0.7489
221	8849	Needles_3	4	3.1416	5e-05	3.97913642298e-05	False	547	0.2993
222	49524	Needles_3	4	3.1416	5e-05	3.97913642298e-05	False	547	0.3013
223	12320	Needles_3	4	3.1416	5e-05	4.91587632987e-05	False	3278	1.8232
224	3331	Needles_3	4	3.1416	5e-05	4.68147657022e-05	False	1093	0.5937
225	59990	Needles_3	4	3.1416	5e-05	2.57831043426e-05	False	274	0.1501
226	10791	Needles_3	4	3.1416	5e-05	2.57831043426e-05	False	274	0.1524
227	44459	Needles_3	4	3.1416	5e-05	3.97913642298e-05	False	547	0.3008
228	53087	Needles_3	4	3.1416	5e-05	4.68147657022e-05	False	1093	0.609
229	32	Needles_3	4	3.1416	5e-05	4.91587632987e-05	False	1639	0.9642
230	48599	Needles_3	4	3.1416	5e-05	4.68147657022e-05	False	1093	0.6552
231	57688	Needles_3	4	3.1416	5e-05	2.57831043426e-05	False	274	0.1482
232	51105	Needles_3	4	3.1416	5e-05	2.57831043426e-05	False	274	0.1538
233	11751	Needles_3	4	3.1416	5e-05	2.57831043426e-05	False	274	0.1479
234	12130	Needles_3	4	3.1416	5e-05	2.57831043426e-05	False	274	0.1514
235	27955	Needles_3	4	3.1416	5e-05	4.91587632987e-05	False	1639	0.9755
236	25690	Needles_3	4	3.1416	5e-05	4.82209922446e-05	False	2732	1.5789
237	14543	Needles_3	4	3.1416	5e-05	3.08434193208e-05	False	13802	7.6887
238	21967	Needles_3	4	3.1416	5e-05	4.91587632987e-05	False	1639	0.8895
239	26379	Needles_3	4	3.1416	5e-05	4.82209922446e-05	False	1366	0.802
240	18166	Needles_3	4	3.1416	5e-05	4.9405583288e-05	False	5190	2.8778
241	32233	Needles_3	4	3.1416	5e-05	2.57831043426e-05	False	274	0.153
242	37554	Needles_3	4	3.1416	5e-05	2.57831043426e-05	False	274	0.1474
243	45073	Needles_3	4	3.1416	5e-05	4.95561931215e-05	False	16116	8.867
244	25927	Needles_3	4	3.1416	5e-05	4.68147657022e-05	False	2186	1.1863
245	64327	Needles_3	4	3.1416	5e-05	2.57831043426e-05	False	274	0.1461
246	6157	Needles_3	4	3.1416	5e-05	4.68147657022e-05	False	2186	1.2034
247	21087	Needles_3	4	3.1416	5e-05	4.68147657022e-05	False	2186	1.2174
248	46020	Needles_3	4	3.1416	5e-05	3.97913642298e-05	False	547	0.3014
249	1023	Needles_3	4	3.1416	5e-05	4.98287402415e-05	False	1912	1.0502
250	64222	Needles_3	4	3.1416	5e-05	3.97913642298e-05	False	547	0.3083
251	6207	Needles_3	4	3.1416	5e-05	3.97913642298e-05	False	547	0.3096
252	23849	Needles_3	4	3.1416	5e-05	2.57831043426e-05	False	274	0.1515
253	57357	Needles_3	4	3.1416	5e-05	2.57831043426e-05	False	274	0.1481
254	4045	Needles_3	4	3.1416	5e-05	3.97913642298e-05	False	547	0.3015
255	18016	Needles_3	4	3.1416	5e-05	4.91587632987e-05	False	4917	2.7338
256	49880	Needles_3	4	3.1416	5e-05	2.57831043426e-05	False	274	0.1499
257	13372	Needles_3	4	3.1416	5e-05	2.57831043426e-05	False	274	0.1524
258	40879	Needles_3	4	3.1416	5e-05	2.57831043426e-05	False	274	0.2737
259	25363	Needles_3	4	3.1416	5e-05	4.68147657022e-05	False	1093	0.5913
260	15549	Needles_3	4	3.1416	5e-05	4.68147657022e-05	False	1093	0.5938
261	2282	Needles_3	4	3.1416	5e-05	4.68147657022e-05	False	2186	1.2751
262	30392	Needles_3	4	3.1416	5e-05	4.44722008672e-05	False	820	0.4494
263	17537	Needles_3	4	3.1416	5e-05	4.93100381811e-05	False	8468	4.5764
264	60614	Needles_3	4	3.1416	5e-05	2.57831043426e-05	False	274	0.1469
265	19799	Needles_3	4	3.1416	5e-05	4.44722008672e-05	False	820	0.4582
266	25052	Needles_3	4	3.1416	5e-05	3.97913642298e-05	False	547	0.3021
267	61452	Needles_3	4	3.1416	5e-05	4.68147657022e-05	False	1093	0.6035
268	31644	Needles_3	4	3.1416	5e-05	1.18260006086e-05	False	549	0.31
269	20847	Needles_3	4	3.1416	5e-05	2.57831043426e-05	False	274	0.1529
270	36462	Needles_3	4	3.1416	5e-05	2.84590617028e-05	False	11866	6.4851
271	63882	Needles_3	4	3.1416	5e-05	4.91587632987e-05	False	1639	0.9006
272	1322	Needles_3	4	3.1416	5e-05	3.97913642298e-05	False	547	0.2949
273	28707	Needles_3	4	3.1416	5e-05	4.98287402415e-05	False	3824	2.1107
274	37077	Needles_3	4	3.1416	5e-05	4.82209922446e-05	False	1366	0.87
275	6364	Needles_3	4	3.1416	5e-05	4.68147657022e-05	False	1093	0.609
276	15153	Needles_3	4	3.1416	5e-05	4.99863988921e-05	False	13930	7.5956
277	23624	Needles_3	4	3.1416	5e-05	4.68147657022e-05	False	1093	0.594
278	25393	Needles_3	4	3.1416	5e-05	2.57831043426e-05	False	274	0.1549
279	27682	Needles_3	4	3.1416	5e-05	3.97913642298e-05	False	547	0.3019
280	13579	Needles_3	4	3.1416	5e-05	2.57831043426e-05	False	274	0.1474
281	62041	Needles_3	4	3.1416	5e-05	3.97913642298e-05	False	547	0.3042
282	42488	Needles_3	4	3.1416	5e-05	2.57831043426e-05	False	274	0.1473
283	40409	Needles_3	4	3.1416	5e-05	4.9405583288e-05	False	5190	2.8783
284	15035	Needles_3	4	3.1416	5e-05	2.57831043426e-05	False	274	0.1514
285	37764	Needles_3	4	3.1416	5e-05	2.57831043426e-05	False	274	0.151
286	20053	Needles_3	4	3.1416	5e-05	2.57831043426e-05	False	274	0.151
287	58589	Needles_3	4	3.1416	5e-05	2.57831043426e-05	False	274	0.15
288	55040	Needles_3	4	3.1416	5e-05	2.57831043426e-05	False	274	0.1522
289	8120	Needles_3	4	3.1416	5e-05	4.82209922446e-05	False	1366	0.7532
290	23646	Needles_3	4	3.1416	5e-05	2.57831043426e-05	False	274	0.1502
291	60741	Needles_3	4	3.1416	5e-05	3.97913642298e-05	False	547	0.2973
292	52167	Needles_3	4	3.1416	5e-05	3.97913642298e-05	False	547	0.297
293	41825	Needles_3	4	3.1416	5e-05	4.95195055654e-05	False	3551	1.9617
294	63714	Needles_3	4	3.1416	5e-05	4.44722008672e-05	False	820	0.4503
295	30869	Needles_3	4	3.1416	5e-05	4.93463450408e-05	False	6829	3.7559
296	9378	Needles_3	4	3.1416	5e-05	2.57831043426e-05	False	274	0.1489
297	22266	Needles_3	4	3.1416	5e-05	2.57831043426e-05	False	274	0.1506
298	65262	Needles_3	4	3.1416	5e-05	4.75959389741e-05	False	2459	1.3556
299	7709	Needles_3	4	3.1416	5e-05	3.97913642298e-05	False	547	0.3018
300	49578	Needles_3	4	3.1416	5e-05	4.68147657022e-05	False	1093	0.6023
301	29447	Needles_3	5	3.14159	5e-06	2.08022668469e-06	False	550	0.3081
302	28382	Needles_3	5	3.14159	5e-06	1.88780586852e-06	False	1924	1.1307
303	50846	Needles_3	5	3.14159	5e-06	2.08022668469e-06	False	550	0.304
304	42316	Needles_3	5	3.14159	5e-06	2.08022668469e-06	False	275	0.157
305	63435	Needles_3	5	3.14159	5e-06	2.08022668469e-06	False	550	0.3082
306	62503	Needles_3	5	3.14159	5e-06	2.08022668469e-06	False	275	0.173
307	33959	Needles_3	5	3.14159	5e-06	2.08022668469e-06	False	275	0.1552
308	33249	Needles_3	5	3.14159	5e-06	2.08022668469e-06	False	275	0.157
309	56241	Needles_3	5	3.14159	5e-06	2.08022668469e-06	False	550	0.3058
310	18677	Needles_3	5	3.14159	5e-06	2.08022668469e-06	False	275	0.1602
311	64352	Needles_3	5	3.1416	5e-06	4.64225760632e-06	False	17035	9.3543
312	18284	Needles_3	5	3.14159	5e-06	2.08022668469e-06	False	275	0.167
313	24236	Needles_3	5	3.14159	5e-06	2.08022668469e-06	False	825	0.4553
314	24853	Needles_3	5	3.1416	5e-06	4.58843064122e-06	False	6869	3.8282
315	51294	Needles_3	5	3.14159	5e-06	2.08022668469e-06	False	275	0.1608
316	41513	Needles_3	5	3.1416	5e-06	4.33172788261e-06	False	3572	2.0314
317	61657	Needles_3	5	3.1416	5e-06	3.47617687613e-06	False	1374	0.7477
318	41692	Needles_3	5	3.14159	5e-06	2.08022668469e-06	False	275	0.1521
319	1058	Needles_3	5	3.14159	5e-06	2.08022668469e-06	False	550	0.3071
320	33423	Needles_3	5	3.14159	5e-06	2.08022668469e-06	False	825	0.4529
321	53526	Needles_3	5	3.14159	5e-06	2.08022668469e-06	False	825	0.46
322	34605	Needles_3	5	3.14159	5e-06	2.08022668469e-06	False	275	0.152
323	9596	Needles_3	5	3.14159	5e-06	2.08022668469e-06	False	550	0.2993
324	44968	Needles_3	5	3.14159	5e-06	2.08022668469e-06	False	275	0.1534
325	13914	Needles_3	5	3.14159	5e-06	2.08022668469e-06	False	275	0.1532
326	14900	Needles_3	5	3.14159	5e-06	2.08022668469e-06	False	825	0.4636
327	60681	Needles_3	5	3.14159	5e-06	2.08022668469e-06	False	275	0.1532
328	51603	Needles_3	5	3.14159	5e-06	2.08022668469e-06	False	275	0.1541
329	6120	Needles_3	5	3.14159	5e-06	2.08022668469e-06	False	275	0.1527
330	10565	Needles_3	5	3.14159	5e-06	2.08022668469e-06	False	825	0.4604
331	37302	Needles_3	5	3.14159	5e-06	2.08022668469e-06	False	275	0.1564
332	47487	Needles_3	5	3.14159	5e-06	2.08022668469e-06	False	275	0.1499
333	10266	Needles_3	5	3.14159	5e-06	2.08022668469e-06	False	550	0.3059
334	65187	Needles_3	5	3.14159	5e-06	2.08022668469e-06	False	275	0.2077
335	40360	Needles_3	5	3.1416	5e-06	4.86654480891e-06	False	2198	1.2012
336	6580	Needles_3	5	3.14159	5e-06	2.08022668469e-06	False	550	0.3015
337	30434	Needles_3	5	3.1416	5e-06	3.47617687613e-06	False	1374	0.7927
338	37163	Needles_3	5	3.1416	5e-06	4.19372279348e-06	False	8518	4.6807
339	19319	Needles_3	5	3.14159	5e-06	2.08022668469e-06	False	275	0.1541
340	36503	Needles_3	5	3.14159	5e-06	2.08022668469e-06	False	275	0.1478
341	62080	Needles_3	5	3.14159	5e-06	2.08022668469e-06	False	275	0.1509
342	1678	Needles_3	5	3.1416	5e-06	4.09405555857e-06	False	2473	1.3583
343	6464	Needles_3	5	3.14159	5e-06	2.08022668469e-06	False	275	0.1549
344	53703	Needles_3	5	3.14159	5e-06	2.08022668469e-06	False	550	0.3502
345	55770	Needles_3	5	3.14159	5e-06	2.08022668469e-06	False	550	0.3406
346	1973	Needles_3	5	3.1416	5e-06	4.86654480891e-06	False	7693	4.2276
347	58528	Needles_3	5	3.1416	5e-06	4.86654480891e-06	False	8792	4.9723
348	63054	Needles_3	5	3.14159	5e-06	2.08022668469e-06	False	275	0.151
349	10874	Needles_3	5	3.14159	5e-06	2.08022668469e-06	False	550	0.301
350	36819	Needles_3	5	3.14159	5e-06	2.08022668469e-06	False	275	0.1539
351	39747	Needles_3	5	3.14159	5e-06	2.08022668469e-06	False	275	0.1519
352	7173	Needles_3	5	3.14159	5e-06	2.08022668469e-06	False	825	0.4537
353	57253	Needles_3	5	3.14159	5e-06	2.08022668469e-06	False	550	0.3036
354	60037	Needles_3	5	3.1416	5e-06	2.5495466569e-06	False	1649	0.9073
355	55569	Needles_3	5	3.1416	5e-06	2.5495466569e-06	False	1649	0.9631
356	36340	Needles_3	5	3.1416	5e-06	4.86654480891e-06	False	8792	4.9365
357	19066	Needles_3	5	3.14159	5e-06	2.08022668469e-06	False	550	0.3046
358	16279	Needles_3	5	3.1416	5e-06	3.47617687613e-06	False	1374	0.7884
359	5613	Needles_3	5	3.14159	5e-06	2.08022668469e-06	False	275	0.1529
360	31564	Needles_3	5	3.1416	5e-06	3.47617687613e-06	False	1374	0.7557
361	30482	Needles_3	5	3.1416	5e-06	3.47617687613e-06	False	1374	0.7549
362	31522	Needles_3	5	3.14159	5e-06	2.08022668469e-06	False	275	0.1519
363	21340	Needles_3	5	3.1416	5e-06	4.09405555857e-06	False	2473	1.364
364	21654	Needles_3	5	3.14159	5e-06	2.08022668469e-06	False	275	0.151
365	65478	Needles_3	5	3.1416	5e-06	4.96731582e-06	False	37915	20.7724
366	33427	Needles_3	5	3.1416	5e-06	3.87337310048e-06	False	3847	2.109
367	46396	Needles_3	5	3.14159	5e-06	2.08022668469e-06	False	275	0.1501
368	16040	Needles_3	5	3.14159	5e-06	2.08022668469e-06	False	275	0.1494
369	48502	Needles_3	5	3.14159	5e-06	2.08022668469e-06	False	275	0.1511
370	48871	Needles_3	5	3.14159	5e-06	2.08022668469e-06	False	275	0.1533
371	57019	Needles_3	5	3.14159	5e-06	2.08022668469e-06	False	275	0.1508
372	4717	Needles_3	5	3.14159	5e-06	2.08022668469e-06	False	550	0.3051
373	46631	Needles_3	5	3.1416	5e-06	3.47617687613e-06	False	2748	1.5394
374	51733	Needles_3	5	3.14159	5e-06	1.88780586852e-06	False	1924	1.0453
375	34364	Needles_3	5	3.14159	5e-06	2.08022668469e-06	False	275	0.154
376	42892	Needles_3	5	3.14159	5e-06	2.08022668469e-06	False	275	0.1515
377	21009	Needles_3	5	3.14159	5e-06	2.08022668469e-06	False	275	0.1583
378	44921	Needles_3	5	3.1416	5e-06	4.86654480891e-06	False	4396	2.3955
379	24359	Needles_3	5	3.14159	5e-06	2.08022668469e-06	False	275	0.1492
380	52266	Needles_3	5	3.14159	5e-06	2.08022668469e-06	False	275	0.1721
381	4833	Needles_3	5	3.14159	5e-06	2.08022668469e-06	False	550	0.3223
382	62692	Needles_3	5	3.1416	5e-06	4.62679000979e-06	False	7968	4.3445
383	8590	Needles_3	5	3.14159	5e-06	2.08022668469e-06	False	275	0.1569
384	13114	Needles_3	5	3.14159	5e-06	2.08022668469e-06	False	550	0.3043
385	5854	Needles_3	5	3.14159	5e-06	2.08022668469e-06	False	825	0.4574
386	19861	Needles_3	5	3.14159	5e-06	2.08022668469e-06	False	550	0.3366
387	19180	Needles_3	5	3.1416	5e-06	3.95972558387e-06	False	6320	3.521
388	47360	Needles_3	5	3.14159	5e-06	2.08022668469e-06	False	275	0.1722
389	27171	Needles_3	5	3.14159	5e-06	2.08022668469e-06	False	275	0.1531
390	28749	Needles_3	5	3.14159	5e-06	2.08022668469e-06	False	550	0.3302
391	9237	Needles_3	5	3.1416	5e-06	3.87337310048e-06	False	3847	2.1161
392	8772	Needles_3	5	3.14159	5e-06	2.08022668469e-06	False	825	0.4717
393	51285	Needles_3	5	3.1416	5e-06	4.86654480891e-06	False	1099	0.5979
394	59997	Needles_3	5	3.14159	5e-06	2.08022668469e-06	False	275	0.1517
395	35909	Needles_3	5	3.1416	5e-06	3.47617687613e-06	False	2748	1.592
396	64637	Needles_3	5	3.14159	5e-06	2.08022668469e-06	False	275	0.149
397	41891	Needles_3	5	3.14159	5e-06	2.08022668469e-06	False	275	0.1485
398	4071	Needles_3	5	3.14159	5e-06	2.08022668469e-06	False	275	0.1519
399	40361	Needles_3	5	3.14159	5e-06	2.08022668469e-06	False	275	0.1505
400	23494	Needles_3	5	3.14159	5e-06	2.08022668469e-06	False	275	0.1523
401	31963	Needles_3	6	3.141593	5e-07	2.33956586992e-07	False	3299	1.9116
402	57133	Needles_3	6	3.141593	5e-07	2.33956586992e-07	False	6598	3.7857
403	17056	Needles_3	6	3.141593	5e-07	2.33956586992e-07	False	3299	1.9052
404	61179	Needles_3	6	3.141593	5e-07	4.44406623501e-07	False	3024	1.6721
405	24129	Needles_3	6	3.141593	5e-07	2.33956586992e-07	False	6598	3.6214
406	35898	Needles_3	6	3.141593	5e-07	9.67271240881e-08	False	3849	2.1417
407	20960	Needles_3	6	3.141593	5e-07	9.67271240881e-08	False	3849	2.1671
408	28248	Needles_3	6	3.141593	5e-07	1.96007817976e-07	False	16770	9.1811
409	21695	Needles_3	6	3.141593	5e-07	5.58925599137e-08	False	3574	1.9505
410	15613	Needles_3	6	3.141593	5e-07	5.58925599137e-08	False	3574	1.9979
411	14190	Needles_3	6	3.141593	5e-07	2.32443357895e-08	False	7423	4.0815
412	46224	Needles_3	6	3.141593	5e-07	3.88285477104e-07	False	12371	6.7679
413	52493	Needles_3	6	3.141593	5e-07	9.67271240881e-08	False	3849	2.1203
414	26062	Needles_3	6	3.141593	5e-07	4.44406623501e-07	False	3024	1.709
415	14019	Needles_3	6	3.141593	5e-07	2.33956586992e-07	False	3299	1.8471
416	13455	Needles_3	6	3.141593	5e-07	2.32443357895e-08	False	7423	4.0217
417	57801	Needles_3	6	3.141593	5e-07	8.92789309148e-08	False	17595	9.5761
418	50847	Needles_3	6	3.141593	5e-07	3.70128812488e-07	False	37388	20.7428
419	61118	Needles_3	6	3.141593	5e-07	1.55773323129e-08	False	14571	7.9763
420	50913	Needles_3	6	3.141593	5e-07	4.44406623501e-07	False	9072	5.1051
421	34127	Needles_3	6	3.141592	5e-07	2.28992570239e-07	False	4124	2.3095
422	8292	Needles_3	6	3.141592	5e-07	4.46831529111e-07	False	4674	2.5976
423	5343	Needles_3	6	3.141593	5e-07	2.33956586992e-07	False	3299	1.798
424	47699	Needles_3	6	3.141593	5e-07	9.67271240881e-08	False	3849	2.1113
425	47406	Needles_3	6	3.141593	5e-07	2.32443357895e-08	False	7423	4.0873
426	37773	Needles_3	6	3.141593	5e-07	4.44406623501e-07	False	3024	1.6571
427	36809	Needles_3	6	3.141593	5e-07	4.44406623501e-07	False	3024	1.6661
428	60109	Needles_3	6	3.141592	5e-07	4.46831529111e-07	False	4674	2.572
429	23276	Needles_3	6	3.141593	5e-07	1.86714299133e-07	False	13471	7.3554
430	4295	Needles_3	6	3.141593	5e-07	1.41362253903e-07	False	6873	3.7217
431	48050	Needles_3	6	3.141593	5e-07	4.44406623501e-07	False	3024	1.6624
432	40941	Needles_3	6	3.141593	5e-07	5.58925599137e-08	False	3574	1.9583
433	53623	Needles_3	6	3.141593	5e-07	5.58925599137e-08	False	3574	1.9936
434	52432	Needles_3	6	3.141593	5e-07	4.44406623501e-07	False	3024	1.6998
435	64956	Needles_3	6	3.141592	5e-07	3.44721068135e-07	False	4399	2.4842
436	44746	Needles_3	6	3.141593	5e-07	4.44406623501e-07	False	3024	1.6441
437	27111	Needles_3	6	3.141593	5e-07	2.33956586992e-07	False	3299	1.8164
438	2628	Needles_3	6	3.141593	5e-07	9.67271240881e-08	False	3849	2.0857
439	31794	Needles_3	6	3.141593	5e-07	2.33956586992e-07	False	6598	3.6506
440	18978	Needles_3	6	3.141593	5e-07	4.44406623501e-07	False	6048	3.3067
441	5946	Needles_3	6	3.141593	5e-07	5.58925599137e-08	False	3574	1.9489
442	17181	Needles_3	6	3.141593	5e-07	5.58925599137e-08	False	3574	1.9666
443	58896	Needles_3	6	3.141592	5e-07	1.6514085921e-07	False	7973	4.4327
444	29917	Needles_3	6	3.141593	5e-07	4.44406623501e-07	False	3024	1.6696
445	54426	Needles_3	6	3.141593	5e-07	4.44406623501e-07	False	3024	1.6538
446	61836	Needles_3	6	3.141592	5e-07	1.6514085921e-07	False	7973	4.3634
447	60385	Needles_3	6	3.141593	5e-07	9.67271240881e-08	False	3849	2.1319
448	58976	Needles_3	6	3.141593	5e-07	2.33956586992e-07	False	3299	1.7953
449	47308	Needles_3	6	3.141593	5e-07	4.44406623501e-07	False	27216	14.8703
450	7460	Needles_3	6	3.141592	5e-07	4.46831529111e-07	False	4674	2.5812
451	7687	Needles_3	6	3.141593	5e-07	4.44406623501e-07	False	3024	1.6692
452	48202	Needles_3	6	3.141593	5e-07	2.33956586992e-07	False	3299	1.8284
453	54041	Needles_3	6	3.141593	5e-07	9.67271240881e-08	False	3849	2.1122
454	3683	Needles_3	6	3.141592	5e-07	2.88723846609e-07	False	8523	4.7207
455	4465	Needles_3	6	3.141593	5e-07	5.58925599137e-08	False	3574	1.9637
456	14493	Needles_3	6	3.141593	5e-07	2.33956586992e-07	False	3299	1.801
457	38501	Needles_3	6	3.141593	5e-07	2.47497533579e-09	False	10997	5.8776
458	61836	Needles_3	6	3.141592	5e-07	1.6514085921e-07	False	7973	4.3486
459	6657	Needles_3	6	3.141593	5e-07	2.33956586992e-07	False	3299	1.8154
460	62727	Needles_3	6	3.141593	5e-07	5.58925599137e-08	False	3574	1.9396
461	13396	Needles_3	6	3.141593	5e-07	4.44406623501e-07	False	6048	3.3886
462	57454	Needles_3	6	3.141592	5e-07	3.44721068135e-07	False	4399	2.4274
463	25122	Needles_3	6	3.141592	5e-07	2.28992570239e-07	False	4124	2.2379
464	12782	Needles_3	6	3.141593	5e-07	4.44406623501e-07	False	3024	1.6758
465	25722	Needles_3	6	3.141592	5e-07	2.28992570239e-07	False	4124	2.275
466	23277	Needles_3	6	3.141593	5e-07	2.33956586992e-07	False	3299	1.7941
467	36235	Needles_3	6	3.141593	5e-07	3.70128812488e-07	False	9347	5.1335
468	15729	Needles_3	6	3.141593	5e-07	2.33956586992e-07	False	3299	1.789
469	2950	Needles_3	6	3.141593	5e-07	2.33956586992e-07	False	3299	1.8192
470	28419	Needles_3	6	3.141592	5e-07	2.28992570239e-07	False	4124	2.2757
471	20969	Needles_3	6	3.141592	5e-07	4.46831529111e-07	False	4674	2.554
472	56098	Needles_3	6	3.141593	5e-07	4.44406623501e-07	False	3024	1.6598
473	57196	Needles_3	6	3.141593	5e-07	4.44406623501e-07	False	3024	1.6766
474	24881	Needles_3	6	3.141593	5e-07	3.34605154251e-07	False	6323	3.4904
475	39722	Needles_3	6	3.141592	5e-07	2.28992570239e-07	False	4124	2.3049
476	63420	Needles_3	6	3.141593	5e-07	4.44406623501e-07	False	3024	1.7222
477	52838	Needles_3	6	3.141593	5e-07	2.33956586992e-07	False	3299	1.7978
478	47253	Needles_3	6	3.141593	5e-07	9.67271240881e-08	False	7698	4.2051
479	33554	Needles_3	6	3.141593	5e-07	3.55794664841e-07	False	31340	16.9523
480	61971	Needles_3	6	3.141593	5e-07	1.59283561896e-07	False	17045	9.3027
481	61892	Needles_3	6	3.141593	5e-07	9.67271240881e-08	False	3849	2.1182
482	3730	Needles_3	6	3.141593	5e-07	4.44406623501e-07	False	3024	1.6834
483	26931	Needles_3	6	3.141593	5e-07	2.33956586992e-07	False	3299	1.8121
484	32696	Needles_3	6	3.141593	5e-07	2.33956586992e-07	False	6598	3.602
485	34999	Needles_3	6	3.141593	5e-07	4.44406623501e-07	False	3024	1.6586
486	47561	Needles_3	6	3.141593	5e-07	4.44406623501e-07	False	9072	4.9301
487	55795	Needles_3	6	3.141593	5e-07	4.44406623501e-07	False	3024	1.6586
488	24659	Needles_3	6	3.141593	5e-07	4.44406623501e-07	False	3024	1.6281
489	9587	Needles_3	6	3.141593	5e-07	9.67271240881e-08	False	3849	2.096
490	10904	Needles_3	6	3.141593	5e-07	2.33956586992e-07	False	9897	5.3809
491	26372	Needles_3	6	3.141593	5e-07	5.58925599137e-08	False	3574	1.9461
492	29534	Needles_3	6	3.141593	5e-07	5.58925599137e-08	False	3574	1.9591
493	58812	Needles_3	6	3.141593	5e-07	2.33956586992e-07	False	3299	1.7925
494	5845	Needles_3	6	3.141593	5e-07	4.83361790593e-08	False	11272	6.1626
495	37524	Needles_3	6	3.141593	5e-07	2.33956586992e-07	False	9897	5.4602
496	49319	Needles_3	6	3.141593	5e-07	9.67271240881e-08	False	3849	2.1101
497	52529	Needles_3	6	3.141593	5e-07	3.00096774541e-07	False	9622	5.2426
498	24492	Needles_3	6	3.141593	5e-07	4.44406623501e-07	False	3024	1.6645
499	1279	Needles_3	6	3.141593	5e-07	5.58925599137e-08	False	3574	1.9604
500	61534	Needles_3	6	3.141593	5e-07	4.44406623501e-07	False	3024	1.6866
501	64252	Needles_3	7	3.1415926	5e-08	2.32443357895e-08	False	29692	16.4979
502	61809	Needles_3	7	3.1415926	5e-08	2.32443357895e-08	False	7423	3.977
503	49132	Needles_3	7	3.1415926	5e-08	4.83361790593e-08	False	11272	6.0866
504	55113	Needles_3	7	3.1415927	5e-08	1.19876406579e-08	False	40139	21.5574
505	12050	Needles_3	7	3.1415926	5e-08	2.32443357895e-08	False	7423	4.0464
506	56137	Needles_3	7	3.1415926	5e-08	2.32443357895e-08	False	7423	4.0116
507	60401	Needles_3	7	3.1415926	5e-08	2.32443357895e-08	False	7423	4.025
508	30174	Needles_3	7	3.1415927	5e-08	1.55773323129e-08	False	14571	7.9336
509	47689	Needles_3	7	3.1415926	5e-08	4.83361790593e-08	False	11272	6.2067
510	56654	Needles_3	7	3.1415926	5e-08	2.32443357895e-08	False	7423	4.175
511	65436	Needles_3	7	3.1415926	5e-08	4.83361790593e-08	False	11272	6.1055
512	53191	Needles_3	7	3.1415926	5e-08	2.32443357895e-08	False	7423	4.034
513	10218	Needles_3	7	3.1415927	5e-08	3.55429157217e-08	False	28867	15.9375
514	55161	Needles_3	7	3.1415927	5e-08	2.47497533579e-09	False	10997	5.9651
515	62439	Needles_3	7	3.1415927	5e-08	3.26674309825e-08	False	25293	13.5762
516	23840	Needles_3	7	3.1415926	5e-08	2.32443357895e-08	False	14846	8.1339
517	26989	Needles_3	7	3.1415927	5e-08	2.35181767394e-08	False	18145	9.8586
518	34254	Needles_3	7	3.1415926	5e-08	2.32443357895e-08	False	7423	4.0432
519	11273	Needles_3	7	3.1415927	5e-08	2.47497533579e-09	False	10997	5.9216
520	21573	Needles_3	7	3.1415926	5e-08	7.8895445732e-09	False	18420	10.1106
521	58976	Needles_3	7	3.1415926	5e-08	3.16768589137e-08	False	33541	18.2739
522	57336	Needles_3	7	3.1415926	5e-08	2.32443357895e-08	False	7423	4.1017
523	18980	Needles_3	7	3.1415927	5e-08	2.35181767394e-08	False	18145	9.9214
524	9060	Needles_3	7	3.1415926	5e-08	2.32443357895e-08	False	7423	4.0322
525	42175	Needles_3	7	3.1415927	5e-08	2.47497533579e-09	False	10997	5.9986
526	51922	Needles_3	7	3.1415926	5e-08	3.83732610132e-08	False	18695	10.1981
527	9467	Needles_3	7	3.1415927	5e-08	2.47497533579e-09	False	10997	5.8872
528	2828	Needles_3	7	3.1415927	5e-08	2.47497533579e-09	False	21994	12.0528
529	2397	Needles_3	7	3.1415926	5e-08	4.83361790593e-08	False	11272	6.0563
530	60514	Needles_3	7	3.1415926	5e-08	4.01496080826e-09	False	29417	16.066
531	44015	Needles_3	7	3.1415926	5e-08	2.32443357895e-08	False	7423	4.0573
532	37543	Needles_3	7	3.1415927	5e-08	2.47497533579e-09	False	10997	5.9965
533	16038	Needles_3	7	3.1415926	5e-08	2.32443357895e-08	False	7423	4.0278
534	47175	Needles_3	7	3.1415927	5e-08	2.35181767394e-08	False	36290	19.8037
535	41523	Needles_3	7	3.1415926	5e-08	4.83361790593e-08	False	11272	6.1661
536	58782	Needles_3	7	3.1415927	5e-08	1.55773323129e-08	False	14571	7.9007
537	31320	Needles_3	7	3.1415926	5e-08	2.32443357895e-08	False	37115	20.2591
538	50524	Needles_3	7	3.1415926	5e-08	2.32443357895e-08	False	7423	4.0744
539	9957	Needles_3	7	3.1415926	5e-08	2.32443357895e-08	False	7423	4.006
540	55113	Needles_3	7	3.1415927	5e-08	1.19876406579e-08	False	40139	21.522
541	57840	Needles_3	7	3.1415926	5e-08	4.83361790593e-08	False	11272	6.0611
542	32579	Needles_3	7	3.1415927	5e-08	2.47497533579e-09	False	10997	5.9756
543	42137	Needles_3	7	3.1415927	5e-08	2.47497533579e-09	False	10997	5.8971
544	42213	Needles_3	7	3.1415926	5e-08	2.32443357895e-08	False	7423	4.0369
545	686	Needles_3	7	3.1415926	5e-08	4.83361790593e-08	False	11272	6.1239
546	50300	Needles_3	7	3.1415926	5e-08	1.22999694874e-08	False	25843	14.1906
547	33593	Needles_3	7	3.1415926	5e-08	2.32443357895e-08	False	7423	4.1325
548	19852	Needles_3	7	3.1415927	5e-08	1.55773323129e-08	False	14571	7.8857
549	53257	Needles_3	7	3.1415926	5e-08	7.8895445732e-09	False	18420	10.0345
550	41833	Needles_3	7	3.1415926	5e-08	2.32443357895e-08	False	7423	4.0764
551	11548	Needles_3	7	3.1415926	5e-08	2.32443357895e-08	False	7423	4.006
552	52475	Needles_3	7	3.1415927	5e-08	3.95817676413e-08	False	36015	19.5102
553	35521	Needles_3	7	3.1415926	5e-08	4.83361790593e-08	False	22544	12.3727
554	58439	Needles_3	7	3.1415927	5e-08	1.55773323129e-08	False	14571	7.8413
555	55113	Needles_3	7	3.1415927	5e-08	1.19876406579e-08	False	40139	21.7977
556	41330	Needles_3	7	3.1415926	5e-08	2.32443357895e-08	False	7423	3.9855
557	18003	Needles_3	7	3.1415926	5e-08	4.83361790593e-08	False	11272	6.2439
558	42938	Needles_3	7	3.1415927	5e-08	1.55773323129e-08	False	14571	8.0002
559	39280	Needles_3	7	3.1415927	5e-08	2.47497533579e-09	False	10997	6.0904
560	54817	Needles_3	7	3.1415927	5e-08	2.47497533579e-09	False	10997	6.0482
561	26596	Needles_3	7	3.1415926	5e-08	4.83361790593e-08	False	11272	6.1688
562	48995	Needles_3	7	3.1415926	5e-08	2.32443357895e-08	False	7423	4.0461
563	29453	Needles_3	7	3.1415926	5e-08	2.32443357895e-08	False	7423	4.0867
564	52014	Needles_3	7	3.1415927	5e-08	1.55773323129e-08	False	14571	8.0067
565	43438	Needles_3	7	3.1415926	5e-08	3.83732610132e-08	False	18695	10.3197
566	12529	Needles_3	7	3.1415927	5e-08	9.94190418879e-09	False	25568	14.0716
567	27685	Needles_3	7	3.1415927	5e-08	1.55773323129e-08	False	14571	7.9983
568	19537	Needles_3	7	3.1415926	5e-08	2.32443357895e-08	False	7423	4.0379
569	60401	Needles_3	7	3.1415926	5e-08	2.32443357895e-08	False	7423	4.0109
570	2329	Needles_3	7	3.1415926	5e-08	2.32443357895e-08	False	14846	8.1715
571	18616	Needles_3	7	3.1415927	5e-08	2.47497533579e-09	False	10997	5.9003
572	42592	Needles_3	7	3.1415927	5e-08	1.55773323129e-08	False	14571	8.0084
573	23138	Needles_3	7	3.1415927	5e-08	3.95817676413e-08	False	36015	19.6692
574	19766	Needles_3	7	3.1415927	5e-08	2.35181767394e-08	False	18145	9.8174
575	49930	Needles_3	7	3.1415926	5e-08	2.32443357895e-08	False	14846	8.049
576	42159	Needles_3	7	3.1415927	5e-08	2.47497533579e-09	False	21994	12.1137
577	60991	Needles_3	7	3.1415926	5e-08	2.32443357895e-08	False	7423	4.056
578	19809	Needles_3	7	3.1415926	5e-08	2.32443357895e-08	False	7423	4.1099
579	50229	Needles_3	7	3.1415926	5e-08	2.32443357895e-08	False	7423	4.0229
580	2335	Needles_3	7	3.1415926	5e-08	4.83361790593e-08	False	11272	6.0964
581	13027	Needles_3	7	3.1415926	5e-08	2.32443357895e-08	False	7423	4.0646
582	39849	Needles_3	7	3.1415927	5e-08	2.47497533579e-09	False	10997	6.0121
583	48700	Needles_3	7	3.1415927	5e-08	2.47497533579e-09	False	10997	6.0059
584	12956	Needles_3	7	3.1415926	5e-08	2.32443357895e-08	False	7423	4.0217
585	42960	Needles_3	7	3.1415926	5e-08	2.32443357895e-08	False	7423	3.9977
586	25000	Needles_3	7	3.1415927	5e-08	7.69620989161e-09	False	36565	19.6923
587	49044	Needles_3	7	3.1415927	5e-08	3.26674309825e-08	False	25293	13.8949
588	17806	Needles_3	7	3.1415927	5e-08	2.47497533579e-09	False	10997	5.909
589	56538	Needles_3	7	3.1415927	5e-08	2.35181767394e-08	False	18145	9.7087
590	64248	Needles_3	7	3.1415926	5e-08	2.32443357895e-08	False	7423	4.0896
591	26989	Needles_3	7	3.1415927	5e-08	2.35181767394e-08	False	18145	9.7249
592	45974	Needles_3	7	3.1415926	5e-08	2.32443357895e-08	False	7423	4.1002
593	14577	Needles_3	7	3.1415926	5e-08	3.83732610132e-08	False	18695	10.2876
594	56286	Needles_3	7	3.1415926	5e-08	4.83361790593e-08	False	45088	24.1894
595	24315	Needles_3	7	3.1415926	5e-08	4.21207837498e-08	False	29967	16.3287
596	14113	Needles_3	7	3.1415927	5e-08	2.47497533579e-09	False	10997	6.0182
597	8750	Needles_3	7	3.1415926	5e-08	2.32443357895e-08	False	7423	4.0194
598	49924	Needles_3	7	3.1415927	5e-08	1.55773323129e-08	False	14571	7.9472
599	24744	Needles_3	7	3.1415926	5e-08	2.32443357895e-08	False	7423	4.0398
600	29101	Needles_3	7	3.1415926	5e-08	2.32443357895e-08	False	14846	7.9752
