sampleId	seedInit	solverName	numThrows	piHat	error	runtime
1	47797	needles3	10	3.13397459622	0.007618057369793263	0.601011037827
2	50780	needles3	10	3.13397459622	0.007618057369793263	0.628759145737
3	25336	needles3	10	3.13397459622	0.007618057369793263	0.632261991501
4	30348	needles3	10	3.13397459622	0.007618057369793263	0.603506088257
5	30501	needles3	10	3.13397459622	0.007618057369793263	0.639410018921
6	31981	needles3	10	3.13397459622	0.007618057369793263	0.627861022949
7	58510	needles3	10	3.13397459622	0.007618057369793263	0.640967130661
8	22613	needles3	10	3.13397459622	0.007618057369793263	0.61443901062
9	36351	needles3	10	3.13397459622	0.007618057369793263	0.60483288765
10	45151	needles3	10	3.13397459622	0.007618057369793263	0.628484010696
11	55313	needles3	10	3.13397459622	0.007618057369793263	0.622549057007
12	367	needles3	10	3.13397459622	0.007618057369793263	0.634118080139
13	61870	needles3	10	3.13397459622	0.007618057369793263	0.624039173126
14	20180	needles3	10	3.13397459622	0.007618057369793263	0.635824918747
15	22515	needles3	10	3.13397459622	0.007618057369793263	0.60647892952
16	63885	needles3	10	3.13397459622	0.007618057369793263	0.614547014236
17	40085	needles3	10	3.13397459622	0.007618057369793263	0.628422021866
18	11994	needles3	10	3.13397459622	0.007618057369793263	0.642231941223
19	17081	needles3	10	3.13397459622	0.007618057369793263	0.628373861313
20	13639	needles3	10	3.13397459622	0.007618057369793263	0.622262954712
21	54942	needles3	10	3.13397459622	0.007618057369793263	0.626183986664
22	33204	needles3	10	3.13397459622	0.007618057369793263	0.633002996445
23	33512	needles3	10	3.13397459622	0.007618057369793263	0.62331700325
24	16135	needles3	10	3.13397459622	0.007618057369793263	0.617076158524
25	6657	needles3	10	3.13397459622	0.007618057369793263	0.607356071472
26	13646	needles3	10	3.13397459622	0.007618057369793263	0.633949041367
27	31088	needles3	10	3.13397459622	0.007618057369793263	0.603533983231
28	56518	needles3	10	3.13397459622	0.007618057369793263	0.636182069778
29	21172	needles3	10	3.13397459622	0.007618057369793263	0.622611999512
30	32674	needles3	10	3.13397459622	0.007618057369793263	0.629169225693
31	44442	needles3	10	3.13397459622	0.007618057369793263	0.635827064514
32	54278	needles3	10	3.13397459622	0.007618057369793263	0.634691953659
33	19888	needles3	10	3.13397459622	0.007618057369793263	0.634593963623
34	62177	needles3	10	3.13397459622	0.007618057369793263	0.640683889389
35	33966	needles3	10	3.13397459622	0.007618057369793263	0.631026029587
36	4774	needles3	10	3.13397459622	0.007618057369793263	0.633954048157
37	64898	needles3	10	3.13397459622	0.007618057369793263	0.627701044083
38	21085	needles3	10	3.13397459622	0.007618057369793263	0.626051902771
39	13880	needles3	10	3.13397459622	0.007618057369793263	0.640174150467
40	16856	needles3	10	3.13397459622	0.007618057369793263	0.636308193207
41	30513	needles3	10	3.13397459622	0.007618057369793263	0.622174978256
42	10323	needles3	10	3.13397459622	0.007618057369793263	0.624490976334
43	37641	needles3	10	3.13397459622	0.007618057369793263	0.624234199524
44	46487	needles3	10	3.13397459622	0.007618057369793263	0.621484041214
45	9545	needles3	10	3.13397459622	0.007618057369793263	0.608952999115
46	17155	needles3	10	3.13397459622	0.007618057369793263	0.62355017662
47	42129	needles3	10	3.13397459622	0.007618057369793263	0.621778011322
48	24013	needles3	10	3.13397459622	0.007618057369793263	0.630833864212
49	22134	needles3	10	3.13397459622	0.007618057369793263	0.64368391037
50	47968	needles3	10	3.13397459622	0.007618057369793263	0.608551979065
51	31179	needles3	10	3.13397459622	0.007618057369793263	0.631445169449
52	46776	needles3	10	3.13397459622	0.007618057369793263	0.626420021057
53	14562	needles3	10	3.13397459622	0.007618057369793263	0.626345872879
54	4564	needles3	10	3.13397459622	0.007618057369793263	0.623507022858
55	56963	needles3	10	3.13397459622	0.007618057369793263	0.601684808731
56	2375	needles3	10	3.13397459622	0.007618057369793263	0.645031929016
57	45407	needles3	10	3.13397459622	0.007618057369793263	0.621513128281
58	48105	needles3	10	3.13397459622	0.007618057369793263	0.635700941086
59	14481	needles3	10	3.13397459622	0.007618057369793263	0.633229970932
60	31423	needles3	10	3.13397459622	0.007618057369793263	0.633635044098
61	30777	needles3	10	3.13397459622	0.007618057369793263	0.609467029572
62	51804	needles3	10	3.13397459622	0.007618057369793263	0.648751020432
63	7124	needles3	10	3.13397459622	0.007618057369793263	0.646251916885
64	24892	needles3	10	3.13397459622	0.007618057369793263	0.626196146011
65	48280	needles3	10	3.13397459622	0.007618057369793263	0.625545978546
66	22006	needles3	10	3.13397459622	0.007618057369793263	0.639678001404
67	38326	needles3	10	3.13397459622	0.007618057369793263	0.651021003723
68	14917	needles3	10	3.13397459622	0.007618057369793263	0.632797002792
69	8344	needles3	10	3.13397459622	0.007618057369793263	0.639230966568
70	32253	needles3	10	3.13397459622	0.007618057369793263	0.599992036819
71	54687	needles3	10	3.13397459622	0.007618057369793263	0.641283988953
72	12054	needles3	10	3.13397459622	0.007618057369793263	0.644690036774
73	44687	needles3	10	3.13397459622	0.007618057369793263	0.617219924927
74	54517	needles3	10	3.13397459622	0.007618057369793263	0.646982908249
75	24239	needles3	10	3.13397459622	0.007618057369793263	0.659327030182
76	38392	needles3	10	3.13397459622	0.007618057369793263	0.65071105957
77	42049	needles3	10	9.40192378865	6.260331135060207	0.643121957779
78	49279	needles3	10	3.13397459622	0.007618057369793263	0.633288860321
79	63159	needles3	10	3.13397459622	0.007618057369793263	0.646013021469
80	8129	needles3	10	3.13397459622	0.007618057369793263	0.64790892601
81	19727	needles3	10	3.13397459622	0.007618057369793263	0.639970064163
82	35725	needles3	10	3.13397459622	0.007618057369793263	0.641937017441
83	16250	needles3	10	3.13397459622	0.007618057369793263	0.618557929993
84	53788	needles3	10	3.13397459622	0.007618057369793263	0.612868070602
85	54552	needles3	10	3.13397459622	0.007618057369793263	0.639873027802
86	43535	needles3	10	3.13397459622	0.007618057369793263	0.641556978226
87	40567	needles3	10	3.13397459622	0.007618057369793263	0.65335392952
88	62541	needles3	10	3.13397459622	0.007618057369793263	0.622563123703
89	32600	needles3	10	3.13397459622	0.007618057369793263	0.615018129349
90	19786	needles3	10	3.13397459622	0.007618057369793263	0.642242908478
91	35704	needles3	10	3.13397459622	0.007618057369793263	0.628309011459
92	34971	needles3	10	3.13397459622	0.007618057369793263	0.654484033585
93	12061	needles3	10	3.13397459622	0.007618057369793263	0.646898984909
94	40889	needles3	10	3.13397459622	0.007618057369793263	0.632988214493
95	2329	needles3	10	3.13397459622	0.007618057369793263	0.636733055115
96	11905	needles3	10	3.13397459622	0.007618057369793263	0.654856204987
97	64343	needles3	10	3.13397459622	0.007618057369793263	0.614660978317
98	31459	needles3	10	3.13397459622	0.007618057369793263	0.645761966705
99	35614	needles3	10	3.13397459622	0.007618057369793263	0.619262933731
100	13074	needles3	10	3.13397459622	0.007618057369793263	0.630218982697
101	33717	needles3	100	3.13397459622	0.007618057369793263	0.802793979645
102	56279	needles3	100	3.13397459622	0.007618057369793263	0.915892839432
103	60175	needles3	100	3.13397459622	0.007618057369793263	0.851918935776
104	50050	needles3	100	3.13397459622	0.007618057369793263	0.893543958664
105	10949	needles3	100	3.13397459622	0.007618057369793263	0.883835077286
106	45895	needles3	100	3.13397459622	0.007618057369793263	0.769945859909
107	62943	needles3	100	3.13397459622	0.007618057369793263	0.918328046799
108	18439	needles3	100	3.13397459622	0.007618057369793263	0.897613048553
109	8317	needles3	100	3.13397459622	0.007618057369793263	0.890237092972
110	10536	needles3	100	3.13397459622	0.007618057369793263	0.776710987091
111	42604	needles3	100	3.13397459622	0.007618057369793263	0.868450880051
112	3462	needles3	100	3.13397459622	0.007618057369793263	0.891223907471
113	31110	needles3	100	3.13397459622	0.007618057369793263	0.892560958862
114	5478	needles3	100	3.13397459622	0.007618057369793263	0.792141914368
115	4606	needles3	100	3.13397459622	0.007618057369793263	0.941972970963
116	10830	needles3	100	3.13397459622	0.007618057369793263	0.903206825256
117	6766	needles3	100	3.13397459622	0.007618057369793263	0.915230035782
118	10568	needles3	100	3.13397459622	0.007618057369793263	0.782921075821
119	43595	needles3	100	3.13397459622	0.007618057369793263	0.869037151337
120	52548	needles3	100	3.13397459622	0.007618057369793263	0.774217128754
121	26868	needles3	100	3.13397459622	0.007618057369793263	0.912260055542
122	19288	needles3	100	3.13397459622	0.007618057369793263	0.869794845581
123	27952	needles3	100	3.13397459622	0.007618057369793263	0.759917020798
124	47997	needles3	100	3.13397459622	0.007618057369793263	0.897612094879
125	43606	needles3	100	3.13397459622	0.007618057369793263	0.888125896454
126	6302	needles3	100	3.13397459622	0.007618057369793263	0.911980867386
127	34276	needles3	100	3.13397459622	0.007618057369793263	0.783798933029
128	26928	needles3	100	3.13397459622	0.007618057369793263	0.907500982285
129	60543	needles3	100	3.13397459622	0.007618057369793263	0.846822977066
130	16673	needles3	100	3.13397459622	0.007618057369793263	0.773155927658
131	33511	needles3	100	3.13397459622	0.007618057369793263	0.888751029968
132	9332	needles3	100	3.13397459622	0.007618057369793263	0.776621818542
133	19120	needles3	100	3.13397459622	0.007618057369793263	0.919748067856
134	39567	needles3	100	3.13397459622	0.007618057369793263	0.911081075668
135	51412	needles3	100	3.13397459622	0.007618057369793263	0.911293983459
136	43783	needles3	100	3.13397459622	0.007618057369793263	0.756211042404
137	27740	needles3	100	3.13397459622	0.007618057369793263	0.882719993591
138	3731	needles3	100	3.13397459622	0.007618057369793263	0.768321037292
139	271	needles3	100	3.13397459622	0.007618057369793263	0.875628948212
140	62313	needles3	100	3.13397459622	0.007618057369793263	0.768056869507
141	53464	needles3	100	3.13397459622	0.007618057369793263	0.899445772171
142	51989	needles3	100	3.13397459622	0.007618057369793263	0.876734972
143	26712	needles3	100	3.13397459622	0.007618057369793263	0.760329961777
144	9313	needles3	100	3.13397459622	0.007618057369793263	0.914793014526
145	22435	needles3	100	3.13397459622	0.007618057369793263	0.787031888962
146	57253	needles3	100	3.13397459622	0.007618057369793263	0.776612043381
147	45551	needles3	100	3.13397459622	0.007618057369793263	0.780658006668
148	39268	needles3	100	3.13397459622	0.007618057369793263	0.937734127045
149	4509	needles3	100	3.13397459622	0.007618057369793263	0.787935018539
150	16864	needles3	100	3.13397459622	0.007618057369793263	0.771531105042
151	59892	needles3	100	3.13397459622	0.007618057369793263	0.773326873779
152	52154	needles3	100	3.13397459622	0.007618057369793263	0.89118885994
153	32659	needles3	100	3.13397459622	0.007618057369793263	0.906141042709
154	65500	needles3	100	3.13397459622	0.007618057369793263	0.856742858887
155	52048	needles3	100	3.13397459622	0.007618057369793263	0.771099090576
156	2653	needles3	100	3.13397459622	0.007618057369793263	0.890598058701
157	32113	needles3	100	3.13397459622	0.007618057369793263	0.758386850357
158	52499	needles3	100	3.13397459622	0.007618057369793263	0.873299121857
159	23369	needles3	100	3.13397459622	0.007618057369793263	0.874936103821
160	54372	needles3	100	3.13397459622	0.007618057369793263	0.899714946747
161	45426	needles3	100	3.13397459622	0.007618057369793263	0.749519824982
162	40716	needles3	100	3.13397459622	0.007618057369793263	0.915979146957
163	25142	needles3	100	3.13397459622	0.007618057369793263	0.888371944427
164	17114	needles3	100	3.13397459622	0.007618057369793263	0.900078058243
165	61551	needles3	100	3.13397459622	0.007618057369793263	0.888618946075
166	59996	needles3	100	3.13397459622	0.007618057369793263	0.911509990692
167	20173	needles3	100	3.13397459622	0.007618057369793263	0.91681098938
168	44696	needles3	100	3.13397459622	0.007618057369793263	0.910634994507
169	42326	needles3	100	3.13397459622	0.007618057369793263	0.75540804863
170	44008	needles3	100	3.13397459622	0.007618057369793263	0.925613880157
171	38974	needles3	100	3.13397459622	0.007618057369793263	0.875649929047
172	46697	needles3	100	3.26455687106	0.1229642174702068	0.900421142578
173	42246	needles3	100	3.13397459622	0.007618057369793263	0.899033069611
174	58279	needles3	100	3.13397459622	0.007618057369793263	0.897614002228
175	41354	needles3	100	3.17632560427	0.034732950680206987	0.800621986389
176	36753	needles3	100	3.13397459622	0.007618057369793263	0.761629104614
177	34458	needles3	100	3.13397459622	0.007618057369793263	0.904607057571
178	40000	needles3	100	3.13397459622	0.007618057369793263	0.785835981369
179	64355	needles3	100	3.15500798277	0.013415329180206825	0.867970943451
180	7799	needles3	100	3.13397459622	0.007618057369793263	0.905443191528
181	20010	needles3	100	3.13397459622	0.007618057369793263	0.858114957809
182	3698	needles3	100	3.13397459622	0.007618057369793263	0.932965993881
183	16963	needles3	100	3.13397459622	0.007618057369793263	0.913499116898
184	8995	needles3	100	3.13397459622	0.007618057369793263	0.795095920563
185	60603	needles3	100	3.13397459622	0.007618057369793263	0.765470981598
186	35627	needles3	100	3.13397459622	0.007618057369793263	0.913218975067
187	22566	needles3	100	3.13397459622	0.007618057369793263	0.892020940781
188	16755	needles3	100	3.13397459622	0.007618057369793263	0.748744010925
189	55454	needles3	100	3.13397459622	0.007618057369793263	0.905647993088
190	51964	needles3	100	3.13397459622	0.007618057369793263	0.777580976486
191	19960	needles3	100	3.13397459622	0.007618057369793263	0.88396692276
192	31979	needles3	100	3.13397459622	0.007618057369793263	0.866291046143
193	36208	needles3	100	3.13397459622	0.007618057369793263	0.90238404274
194	58706	needles3	100	3.13397459622	0.007618057369793263	0.920251846313
195	12306	needles3	100	3.13397459622	0.007618057369793263	0.898345947266
196	58000	needles3	100	3.13397459622	0.007618057369793263	0.891135931015
197	1567	needles3	100	3.13397459622	0.007618057369793263	0.924298048019
198	26827	needles3	100	3.13397459622	0.007618057369793263	0.912194013596
199	29457	needles3	100	3.13397459622	0.007618057369793263	0.893149852753
200	43482	needles3	100	3.13397459622	0.007618057369793263	0.907918930054
201	55951	needles3	1000	3.13397459622	0.007618057369793263	1.13971114159
202	12771	needles3	1000	3.13397459622	0.007618057369793263	1.09768104553
203	62836	needles3	1000	3.13397459622	0.007618057369793263	1.23457098007
204	29009	needles3	1000	3.13397459622	0.007618057369793263	1.01671910286
205	55696	needles3	1000	3.32223455429	0.18064190070020691	1.2932498455
206	44418	needles3	1000	3.13397459622	0.007618057369793263	1.14987897873
207	33328	needles3	1000	3.13397459622	0.007618057369793263	1.28757810593
208	41718	needles3	1000	3.13397459622	0.007618057369793263	1.27145385742
209	174	needles3	1000	3.13397459622	0.007618057369793263	1.15998601913
210	6445	needles3	1000	3.13397459622	0.007618057369793263	1.15597295761
211	15198	needles3	1000	3.13397459622	0.007618057369793263	1.26662015915
212	9969	needles3	1000	3.13397459622	0.007618057369793263	1.15679097176
213	58347	needles3	1000	3.3035571991	0.161964545510207	1.14621305466
214	36502	needles3	1000	3.13397459622	0.007618057369793263	1.22174906731
215	53241	needles3	1000	3.31754544412	0.17595279053020674	1.26262307167
216	13991	needles3	1000	3.13397459622	0.007618057369793263	1.12264108658
217	63029	needles3	1000	3.13397459622	0.007618057369793263	1.26157402992
218	9321	needles3	1000	3.13397459622	0.007618057369793263	1.18177103996
219	33076	needles3	1000	3.13397459622	0.007618057369793263	1.15152406693
220	62118	needles3	1000	3.13397459622	0.007618057369793263	1.28714704514
221	37968	needles3	1000	3.13397459622	0.007618057369793263	1.18544816971
222	4472	needles3	1000	3.13397459622	0.007618057369793263	1.15429496765
223	52999	needles3	1000	3.13397459622	0.007618057369793263	1.154088974
224	54982	needles3	1000	3.13397459622	0.007618057369793263	1.11007404327
225	55836	needles3	1000	3.13397459622	0.007618057369793263	1.24458098412
226	8274	needles3	1000	3.13397459622	0.007618057369793263	1.15038490295
227	1707	needles3	1000	3.13397459622	0.007618057369793263	1.28202295303
228	40497	needles3	1000	3.13397459622	0.007618057369793263	1.29896807671
229	19403	needles3	1000	3.13397459622	0.007618057369793263	1.17018604279
230	20280	needles3	1000	3.13397459622	0.007618057369793263	1.02207183838
231	59177	needles3	1000	3.13397459622	0.007618057369793263	1.15692806244
232	35345	needles3	1000	3.13397459622	0.007618057369793263	1.17658615112
233	3541	needles3	1000	3.13397459622	0.007618057369793263	1.32979202271
234	31835	needles3	1000	3.13397459622	0.007618057369793263	1.18399906158
235	51460	needles3	1000	3.13397459622	0.007618057369793263	1.10612392426
236	61849	needles3	1000	3.13397459622	0.007618057369793263	1.12790703773
237	23560	needles3	1000	3.32458408368	0.1829914300902069	1.24167609215
238	55971	needles3	1000	3.13397459622	0.007618057369793263	1.28960514069
239	45190	needles3	1000	3.13397459622	0.007618057369793263	1.25481891632
240	52903	needles3	1000	3.13397459622	0.007618057369793263	1.06665086746
241	32312	needles3	1000	3.13397459622	0.007618057369793263	1.35873794556
242	43571	needles3	1000	3.13397459622	0.007618057369793263	1.29017996788
243	27690	needles3	1000	3.13397459622	0.007618057369793263	1.29160284996
244	35769	needles3	1000	3.13397459622	0.007618057369793263	1.29140806198
245	43610	needles3	1000	3.13397459622	0.007618057369793263	1.25090003014
246	56165	needles3	1000	3.13397459622	0.007618057369793263	1.25513410568
247	6911	needles3	1000	3.13397459622	0.007618057369793263	1.0366499424
248	55623	needles3	1000	3.13397459622	0.007618057369793263	1.18576097488
249	37406	needles3	1000	3.13397459622	0.007618057369793263	1.2632060051
250	22080	needles3	1000	3.13397459622	0.007618057369793263	1.12892413139
251	29558	needles3	1000	3.13397459622	0.007618057369793263	1.29523301125
252	40406	needles3	1000	3.32223455429	0.18064190070020691	1.22719502449
253	3346	needles3	1000	3.13397459622	0.007618057369793263	1.1708509922
254	48814	needles3	1000	3.13397459622	0.007618057369793263	1.30899906158
255	36617	needles3	1000	3.13397459622	0.007618057369793263	1.40044283867
256	33609	needles3	1000	3.13397459622	0.007618057369793263	1.16390013695
257	57848	needles3	1000	3.13397459622	0.007618057369793263	1.18593096733
258	44193	needles3	1000	3.13397459622	0.007618057369793263	1.21633386612
259	1673	needles3	1000	3.13397459622	0.007618057369793263	1.30765008926
260	7333	needles3	1000	3.14235420744	0.0007615538502068198	1.14846801758
261	923	needles3	1000	3.13397459622	0.007618057369793263	1.29315185547
262	27345	needles3	1000	3.13397459622	0.007618057369793263	1.26062011719
263	16147	needles3	1000	3.13397459622	0.007618057369793263	1.2669479847
264	43823	needles3	1000	3.13397459622	0.007618057369793263	1.2195289135
265	23348	needles3	1000	3.13397459622	0.007618057369793263	1.17236280441
266	45418	needles3	1000	3.13397459622	0.007618057369793263	1.28396511078
267	55201	needles3	1000	3.13397459622	0.007618057369793263	1.11957406998
268	59081	needles3	1000	3.13397459622	0.007618057369793263	1.27622795105
269	833	needles3	1000	3.13397459622	0.007618057369793263	1.05470299721
270	4969	needles3	1000	3.13397459622	0.007618057369793263	1.20916104317
271	11925	needles3	1000	3.13397459622	0.007618057369793263	1.16271996498
272	2244	needles3	1000	3.13397459622	0.007618057369793263	1.13119196892
273	65133	needles3	1000	3.13397459622	0.007618057369793263	1.25850391388
274	56289	needles3	1000	3.13397459622	0.007618057369793263	1.25286006927
275	31804	needles3	1000	3.13397459622	0.007618057369793263	1.22084903717
276	52980	needles3	1000	3.13397459622	0.007618057369793263	1.13141703606
277	19555	needles3	1000	3.13397459622	0.007618057369793263	1.34118509293
278	56392	needles3	1000	3.13397459622	0.007618057369793263	1.04757213593
279	44224	needles3	1000	3.13397459622	0.007618057369793263	1.26484394073
280	40831	needles3	1000	3.14235420744	0.0007615538502068198	1.17675089836
281	33928	needles3	1000	3.13397459622	0.007618057369793263	1.04772591591
282	31599	needles3	1000	3.13397459622	0.007618057369793263	1.29423213005
283	57056	needles3	1000	3.13397459622	0.007618057369793263	1.27931785583
284	31443	needles3	1000	3.13397459622	0.007618057369793263	1.12550187111
285	34494	needles3	1000	3.13397459622	0.007618057369793263	1.28267502785
286	3676	needles3	1000	3.13397459622	0.007618057369793263	1.05620312691
287	45724	needles3	1000	3.13397459622	0.007618057369793263	1.23507714272
288	20230	needles3	1000	3.13397459622	0.007618057369793263	1.1611931324
289	54917	needles3	1000	3.13397459622	0.007618057369793263	1.02870702744
290	43204	needles3	1000	3.13397459622	0.007618057369793263	1.13253712654
291	23507	needles3	1000	3.13397459622	0.007618057369793263	1.18600606918
292	41782	needles3	1000	3.13397459622	0.007618057369793263	1.28402686119
293	43053	needles3	1000	3.28050376436	0.138911110770207	1.25509405136
294	27783	needles3	1000	3.13397459622	0.007618057369793263	1.17107009888
295	7964	needles3	1000	3.148668382	0.007075728410206761	1.23923206329
296	26349	needles3	1000	3.13397459622	0.007618057369793263	1.04530882835
297	27544	needles3	1000	3.13397459622	0.007618057369793263	1.25300598145
298	44461	needles3	1000	3.13397459622	0.007618057369793263	1.04417395592
299	15165	needles3	1000	3.2989206276	0.1573279740102067	1.07043290138
300	55477	needles3	1000	3.13397459622	0.007618057369793263	1.24239301682
301	58244	needles3	10000	3.13397459622	0.007618057369793263	3.89271783829
302	60028	needles3	10000	3.16094801931	0.01935536572020702	4.58321809769
303	42550	needles3	10000	3.13397459622	0.007618057369793263	4.02325296402
304	13575	needles3	10000	3.13397459622	0.007618057369793263	4.4166829586
305	19012	needles3	10000	3.16094801931	0.01935536572020702	4.43051981926
306	25458	needles3	10000	3.13397459622	0.007618057369793263	4.10965895653
307	37065	needles3	10000	3.13397459622	0.007618057369793263	4.05065584183
308	11356	needles3	10000	3.16094801931	0.01935536572020702	4.53888893127
309	18930	needles3	10000	3.13397459622	0.007618057369793263	4.53770804405
310	42624	needles3	10000	3.13397459622	0.007618057369793263	3.88027000427
311	18568	needles3	10000	3.13397459622	0.007618057369793263	2.66348695755
312	46722	needles3	10000	3.13397459622	0.007618057369793263	4.51833605766
313	56046	needles3	10000	3.14088454221	0.0007081113797933192	5.20567584038
314	39423	needles3	10000	3.13669306354	0.004899590049793012	3.9642329216
315	7522	needles3	10000	3.13397459622	0.007618057369793263	4.48078012466
316	60452	needles3	10000	3.15797520779	0.016382554200206734	3.9643509388
317	22100	needles3	10000	3.16094801931	0.01935536572020702	4.63840103149
318	46775	needles3	10000	3.13397459622	0.007618057369793263	4.02313303947
319	32070	needles3	10000	3.13397459622	0.007618057369793263	4.16980886459
320	55119	needles3	10000	3.13397459622	0.007618057369793263	4.04963994026
321	13023	needles3	10000	3.16094801931	0.01935536572020702	4.01557683945
322	30664	needles3	10000	3.13397459622	0.007618057369793263	3.97171401978
323	12857	needles3	10000	3.13397459622	0.007618057369793263	3.71144104004
324	49508	needles3	10000	3.13397459622	0.007618057369793263	3.69189214706
325	14419	needles3	10000	3.16094801931	0.01935536572020702	4.01072406769
326	55192	needles3	10000	3.13397459622	0.007618057369793263	4.4194290638
327	56212	needles3	10000	3.15967327216	0.01808061857020693	4.42268204689
328	16149	needles3	10000	3.18601280537	0.04442015178020675	4.54666900635
329	16614	needles3	10000	3.13397459622	0.007618057369793263	4.14980983734
330	1384	needles3	10000	3.13397459622	0.007618057369793263	4.4445040226
331	18187	needles3	10000	3.16094801931	0.01935536572020702	4.45966005325
332	4380	needles3	10000	3.13397459622	0.007618057369793263	3.61585617065
333	47237	needles3	10000	3.13397459622	0.007618057369793263	4.01241588593
334	22636	needles3	10000	3.16094801931	0.01935536572020702	4.53392410278
335	41982	needles3	10000	3.13397459622	0.007618057369793263	3.47931718826
336	3363	needles3	10000	3.16094801931	0.01935536572020702	3.96576094627
337	57891	needles3	10000	3.1505675855	0.00897493191020704	4.58428907394
338	27466	needles3	10000	3.13397459622	0.007618057369793263	5.19303011894
339	32984	needles3	10000	3.13397459622	0.007618057369793263	4.40574407578
340	6608	needles3	10000	3.16094801931	0.01935536572020702	4.41784405708
341	30483	needles3	10000	3.13397459622	0.007618057369793263	4.48813605309
342	40227	needles3	10000	3.16094801931	0.01935536572020702	4.4352118969
343	35417	needles3	10000	3.13397459622	0.007618057369793263	3.95149588585
344	38760	needles3	10000	3.16094801931	0.01935536572020702	4.63009905815
345	43794	needles3	10000	3.13397459622	0.007618057369793263	3.94059896469
346	64625	needles3	10000	3.13397459622	0.007618057369793263	4.4438431263
347	37891	needles3	10000	3.16094801931	0.01935536572020702	4.05251216888
348	5932	needles3	10000	3.18838978183	0.0467971282402071	4.43944883347
349	26424	needles3	10000	3.13397459622	0.007618057369793263	4.62379908562
350	50353	needles3	10000	3.13397459622	0.007618057369793263	4.56310987473
351	20416	needles3	10000	3.13397459622	0.007618057369793263	4.50032615662
352	19437	needles3	10000	3.16073549003	0.019142836440206867	4.47087621689
353	4034	needles3	10000	3.13397459622	0.007618057369793263	4.52436304092
354	31456	needles3	10000	3.13397459622	0.007618057369793263	4.53994011879
355	32536	needles3	10000	3.13397459622	0.007618057369793263	4.34711098671
356	62473	needles3	10000	3.16094801931	0.01935536572020702	4.0379140377
357	24533	needles3	10000	3.16094801931	0.01935536572020702	4.03302598
358	57634	needles3	10000	3.16052298933	0.01893033574020686	4.53134608269
359	55447	needles3	10000	3.13397459622	0.007618057369793263	4.52095007896
360	48673	needles3	10000	3.13397459622	0.007618057369793263	4.54251790047
361	14969	needles3	10000	3.13397459622	0.007618057369793263	4.52677297592
362	1737	needles3	10000	3.16094801931	0.01935536572020702	4.44147205353
363	61956	needles3	10000	3.13397459622	0.007618057369793263	4.48197388649
364	31389	needles3	10000	3.13397459622	0.007618057369793263	4.49994707108
365	40076	needles3	10000	3.13397459622	0.007618057369793263	4.48679995537
366	7145	needles3	10000	3.13397459622	0.007618057369793263	3.98031997681
367	7114	needles3	10000	3.15712685985	0.015534206260206851	3.65333199501
368	2273	needles3	10000	3.13397459622	0.007618057369793263	4.57245492935
369	43992	needles3	10000	3.13397459622	0.007618057369793263	3.66127514839
370	35883	needles3	10000	3.13397459622	0.007618057369793263	3.88851284981
371	16520	needles3	10000	3.13397459622	0.007618057369793263	4.57422089577
372	49595	needles3	10000	3.13397459622	0.007618057369793263	4.4894092083
373	35438	needles3	10000	3.13397459622	0.007618057369793263	4.01478695869
374	6265	needles3	10000	3.16094801931	0.01935536572020702	4.11140203476
375	11741	needles3	10000	3.13397459622	0.007618057369793263	4.48481702805
376	38098	needles3	10000	3.14845750072	0.006864847130207075	3.67507600784
377	38801	needles3	10000	3.16584409342	0.024251439830206944	5.58585906029
378	57626	needles3	10000	3.13439251522	0.007200138369793052	4.52515292168
379	61024	needles3	10000	3.13397459622	0.007618057369793263	4.0909781456
380	57067	needles3	10000	3.16094801931	0.01935536572020702	4.7001311779
381	65201	needles3	10000	3.13397459622	0.007618057369793263	3.32479906082
382	59695	needles3	10000	3.16094801931	0.01935536572020702	3.95421600342
383	19751	needles3	10000	3.16094801931	0.01935536572020702	3.89085507393
384	39037	needles3	10000	3.16094801931	0.01935536572020702	4.42987203598
385	62224	needles3	10000	3.13941625105	0.00217640253979301	4.07273602486
386	24053	needles3	10000	3.13397459622	0.007618057369793263	4.59164094925
387	26410	needles3	10000	3.13397459622	0.007618057369793263	4.41796588898
388	2893	needles3	10000	3.13397459622	0.007618057369793263	4.00623011589
389	63300	needles3	10000	3.13397459622	0.007618057369793263	4.50563383102
390	15433	needles3	10000	3.19467339064	0.053080737050207105	4.03933906555
391	2353	needles3	10000	3.13397459622	0.007618057369793263	4.48021292686
392	42306	needles3	10000	3.13397459622	0.007618057369793263	4.42074394226
393	59793	needles3	10000	3.13397459622	0.007618057369793263	3.97965288162
394	47630	needles3	10000	3.13397459622	0.007618057369793263	4.45564007759
395	332	needles3	10000	3.16094801931	0.01935536572020702	3.92583608627
396	33839	needles3	10000	3.16094801931	0.01935536572020702	4.02344202995
397	54818	needles3	10000	3.13397459622	0.007618057369793263	3.71678781509
398	5246	needles3	10000	3.13397459622	0.007618057369793263	4.47337889671
399	11573	needles3	10000	3.13397459622	0.007618057369793263	4.43700289726
400	64584	needles3	10000	3.16094801931	0.01935536572020702	4.59205102921
401	12218	needles3	100000	3.15244794115	0.010855287560207039	32.3753471375
402	39276	needles3	100000	3.13933239016	0.002260263429793241	36.6820170879
403	15963	needles3	100000	3.13933239016	0.002260263429793241	36.6732578278
404	1177	needles3	100000	3.1419971623	0.0004045087102069189	32.1899080276
405	11153	needles3	100000	3.13933239016	0.002260263429793241	36.6900799274
406	16057	needles3	100000	3.13933239016	0.002260263429793241	32.1292481422
407	26435	needles3	100000	3.13933239016	0.002260263429793241	32.1390378475
408	2510	needles3	100000	3.13665120524	0.004941448349792932	36.4634919167
409	55596	needles3	100000	3.13933239016	0.002260263429793241	36.578042984
410	33369	needles3	100000	3.13933239016	0.002260263429793241	32.281275034
411	6473	needles3	100000	3.14201816271	0.00042550912020677956	31.7721698284
412	19287	needles3	100000	3.14740351789	0.0058108643002068305	36.8954410553
413	21756	needles3	100000	3.13918564439	0.0024070091997931975	32.0796310902
414	12330	needles3	100000	3.13933239016	0.002260263429793241	31.9667301178
415	58332	needles3	100000	3.13836831185	0.003224341739793246	31.9890508652
416	44347	needles3	100000	3.13933239016	0.002260263429793241	36.7134480476
417	59973	needles3	100000	3.13933239016	0.002260263429793241	32.2325000763
418	50719	needles3	100000	3.13977270982	0.0018199437697932197	32.3850779533
419	39425	needles3	100000	3.13667213425	0.004920519339793206	36.6463549137
420	27590	needles3	100000	3.14458232058	0.002989666990206974	32.0556368828
421	43055	needles3	100000	3.14470853468	0.0031158810902067735	37.1781570911
422	26936	needles3	100000	3.14470853468	0.0031158810902067735	36.7840809822
423	38852	needles3	100000	3.13962592288	0.0019667307097930298	36.6033470631
424	26570	needles3	100000	3.13665120524	0.004941448349792932	36.8052301407
425	30831	needles3	100000	3.13933239016	0.002260263429793241	31.7718749046
426	54105	needles3	100000	3.14201816271	0.00042550912020677956	36.7228639126
427	60817	needles3	100000	3.14683466053	0.005242006940207045	36.3665380478
428	22670	needles3	100000	3.14740351789	0.0058108643002068305	36.740101099
429	31399	needles3	100000	3.13933239016	0.002260263429793241	24.5085370541
430	25103	needles3	100000	3.14736137326	0.005768719670206757	36.7453389168
431	48080	needles3	100000	3.14201816271	0.00042550912020677956	36.9270210266
432	16149	needles3	100000	3.14201816271	0.00042550912020677956	36.7561230659
433	16614	needles3	100000	3.13933239016	0.002260263429793241	36.7026529312
434	1384	needles3	100000	3.1420391634	0.00044650981020666336	36.8337368965
435	18187	needles3	100000	3.13933239016	0.002260263429793241	32.3773150444
436	4380	needles3	100000	3.13924853375	0.002344119839793102	36.4698581696
437	47237	needles3	100000	3.14216517343	0.0005725198402068976	36.7073149681
438	22636	needles3	100000	3.14456128588	0.0029686322902069406	36.5185070038
439	41982	needles3	100000	3.13665120524	0.004941448349792932	32.3223891258
440	3363	needles3	100000	3.14470853468	0.0031158810902067735	32.2765300274
441	57891	needles3	100000	3.13933239016	0.002260263429793241	36.4403779507
442	27466	needles3	100000	3.14470853468	0.0031158810902067735	32.441067934
443	32984	needles3	100000	3.14197616218	0.0003835085902070823	36.943459034
444	6608	needles3	100000	3.1420391634	0.00044650981020666336	36.6467840672
445	30483	needles3	100000	3.14970210875	0.008109455160207002	32.4978260994
446	40227	needles3	100000	3.14470853468	0.0031158810902067735	32.7176091671
447	35417	needles3	100000	3.14161920294	2.654935020673932e-05	43.7524969578
448	38760	needles3	100000	3.14470853468	0.0031158810902067735	37.1298720837
449	43794	needles3	100000	3.13933239016	0.002260263429793241	32.4863350391
450	64625	needles3	100000	3.13889219399	0.002700459599793259	36.7178189754
451	37891	needles3	100000	3.14178717365	0.00019452006020692636	36.88677001
452	5932	needles3	100000	3.1528919479	0.011299294310207042	32.4126279354
453	26424	needles3	100000	3.13665120524	0.004941448349792932	36.0351800919
454	50353	needles3	100000	3.13665120524	0.004941448349792932	32.0179538727
455	20416	needles3	100000	3.13933239016	0.002260263429793241	36.9167370796
456	19437	needles3	100000	3.14841532785	0.006822674260206885	43.3943748474
457	4034	needles3	100000	3.14214417106	0.0005515174702068748	31.6550500393
458	31456	needles3	100000	3.13397459622	0.007618057369793263	31.6922299862
459	32536	needles3	100000	3.14266931465	0.0010766610602068738	32.5191340446
460	62473	needles3	100000	3.15001869142	0.008426037830207012	36.6907830238
461	24533	needles3	100000	3.13933239016	0.002260263429793241	36.6595788002
462	57634	needles3	100000	3.14740351789	0.0058108643002068305	29.2511239052
463	55447	needles3	100000	3.13933239016	0.002260263429793241	36.890171051
464	48673	needles3	100000	3.14470853468	0.0031158810902067735	36.7074849606
465	14969	needles3	100000	3.14201816271	0.00042550912020677956	36.6981301308
466	1737	needles3	100000	3.14313158624	0.0015389326502068812	32.1926100254
467	61956	needles3	100000	3.14470853468	0.0031158810902067735	32.2081041336
468	31389	needles3	100000	3.13832640884	0.0032662447497933123	36.7219278812
469	40076	needles3	100000	3.14262729671	0.0010346431202070683	36.6029579639
470	7145	needles3	100000	3.13931142564	0.002281227949793241	26.8791458607
471	7114	needles3	100000	3.14143025736	0.00016239622979297152	37.0090301037
472	2273	needles3	100000	3.13717451422	0.004418139369793295	36.6722228527
473	43992	needles3	100000	3.13397459622	0.007618057369793263	36.6537811756
474	35883	needles3	100000	3.13665120524	0.004941448349792932	32.2578630447
475	16520	needles3	100000	3.14740351789	0.0058108643002068305	32.2973480225
476	49595	needles3	100000	3.13397459622	0.007618057369793263	43.3265519142
477	35438	needles3	100000	3.13933239016	0.002260263429793241	36.7517728806
478	6265	needles3	100000	3.15010312421	0.008510470620207045	36.7306530476
479	11741	needles3	100000	3.13665120524	0.004941448349792932	31.9956350327
480	38098	needles3	100000	3.14201816271	0.00042550912020677956	32.1508159637
481	38801	needles3	100000	3.14700318942	0.005410535830206786	43.6420879364
482	57626	needles3	100000	3.13933239016	0.002260263429793241	32.3540139198
483	61024	needles3	100000	3.13933239016	0.002260263429793241	32.2135078907
484	57067	needles3	100000	3.14531871237	0.00372605878020682	31.9964690208
485	65201	needles3	100000	3.13397459622	0.007618057369793263	36.5924119949
486	59695	needles3	100000	3.14470853468	0.0031158810902067735	36.5896229744
487	19751	needles3	100000	3.14740351789	0.0058108643002068305	43.2223649025
488	39037	needles3	100000	3.15010312421	0.008510470620207045	29.0641999245
489	62224	needles3	100000	3.14569756247	0.004104908880206981	32.2318389416
490	24053	needles3	100000	3.14740351789	0.0058108643002068305	32.5019049644
491	26410	needles3	100000	3.13397459622	0.007618057369793263	36.7840549946
492	2893	needles3	100000	3.14281638632	0.0012237327302067058	36.7682468891
493	63300	needles3	100000	3.14470853468	0.0031158810902067735	32.5556769371
494	15433	needles3	100000	3.15014534231	0.00855268872020698	32.7094881535
495	2353	needles3	100000	3.14201816271	0.00042550912020677956	36.9025099277
496	42306	needles3	100000	3.14725601661	0.00566336302020698	36.8183698654
497	59793	needles3	100000	3.13933239016	0.002260263429793241	29.5492320061
498	47630	needles3	100000	3.13669306354	0.004899590049793012	36.68511796
499	332	needles3	100000	3.15027200338	0.008679349790206903	32.5548651218
500	33839	needles3	100000	3.14201816271	0.00042550912020677956	43.0645799637
501	54818	needles3	1000000	3.14231639882	0.0007237452302066849	317.627514839
502	5246	needles3	1000000	3.14019846958	0.0013941840097930758	363.683275938
503	11573	needles3	1000000	3.13936174096	0.002230912629793025	363.483160019
504	64584	needles3	1000000	3.13935545146	0.002237202129792948	363.672942162
505	12218	needles3	1000000	3.14316100812	0.0015683545302067614	363.158833981
506	39276	needles3	1000000	3.14178297417	0.0001903205802067376	363.005290985
507	15963	needles3	1000000	3.14267141558	0.0010787619902070666	317.849503994
508	1177	needles3	1000000	3.14166329352	7.06399302070615e-05	430.403183937
509	11153	needles3	1000000	3.14282479083	0.0012321372402070985	362.926773071
510	16057	needles3	1000000	3.14162340199	3.074840020689251e-05	319.62056303
511	26435	needles3	1000000	3.13853593511	0.0030567184797929414	318.645884991
512	2510	needles3	1000000	3.14069778327	0.000894870319793295	363.261658907
513	55596	needles3	1000000	3.14120984957	0.00038280401979307044	362.998253107
514	33369	needles3	1000000	3.13927159382	0.0023210597697929103	363.229484797
515	6473	needles3	1000000	3.1440292016	0.0024365480102068737	363.215393066
516	19287	needles3	1000000	3.14253486118	0.0009422075902070226	317.160598993
517	21756	needles3	1000000	3.14040614801	0.0011865055797932733	364.041082859
518	12330	needles3	1000000	3.14255586877	0.0009632151802070332	363.194591999
519	58332	needles3	1000000	3.14270503079	0.0011123772002070709	362.396291971
520	44347	needles3	1000000	3.14212526916	0.0005326155702070068	362.612311125
521	59973	needles3	1000000	3.13999291597	0.0015997376197929292	315.883666039
522	50719	needles3	1000000	3.14007681215	0.0015158414397933306	316.700193882
523	39425	needles3	1000000	3.14004744798	0.0015452056097933209	289.886097908
524	27590	needles3	1000000	3.14092651357	0.0006661400197929268	286.615926981
525	43055	needles3	1000000	3.14341532023	0.0018226666402068048	362.576822996
526	26936	needles3	1000000	3.14309375891	0.0015011053202069746	363.666319847
527	38852	needles3	1000000	3.14216937394	0.0005767203502067275	362.308464766
528	26570	needles3	1000000	3.14256847347	0.0009758198802067852	363.7167871
529	30831	needles3	1000000	3.14013763969	0.0014550138997933004	317.406852007
530	54105	needles3	1000000	3.14129171171	0.00030094187979301523	361.631916046
531	60817	needles3	1000000	3.14279117305	0.0011985194602068816	360.203150034
532	22670	needles3	1000000	3.14202026277	0.0004276091802069004	363.328316927
533	31399	needles3	1000000	3.14040614801	0.0011865055797932733	361.671794176
534	25103	needles3	1000000	3.14256007033	0.00096741674020695	429.800421
535	48080	needles3	1000000	3.13865328204	0.0029393715497931794	317.469692945
536	16149	needles3	1000000	3.14376848296	0.002175829370206994	316.322551012
537	16614	needles3	1000000	3.14013763969	0.0014550138997933004	319.00509882
538	1384	needles3	1000000	3.14085306443	0.0007395891597932192	365.176568031
539	18187	needles3	1000000	3.14067470225	0.0009179513397929995	362.046760082
540	4380	needles3	1000000	3.13993628858	0.0016563650097931593	429.747610807
541	47237	needles3	1000000	3.14131060358	0.0002820500097930889	317.560122967
542	22636	needles3	1000000	3.14196986219	0.0003772086002067354	363.713171959
543	41982	needles3	1000000	3.14040614801	0.0011865055797932733	361.991498947
544	3363	needles3	1000000	3.14160870537	1.6051780206804978e-05	318.861721039
545	57891	needles3	1000000	3.14100836094	0.0005842926497932055	317.720805168
546	27466	needles3	1000000	3.14070827476	0.0008843788297929756	287.749464035
547	32984	needles3	1000000	3.14076912676	0.000823526829793142	317.018896818
548	6608	needles3	1000000	3.14040614801	0.0011865055797932733	316.34286499
549	30483	needles3	1000000	3.14328710815	0.0016944545602068928	318.695687056
550	40227	needles3	1000000	3.14381894126	0.00222628767020705	317.842854023
551	35417	needles3	1000000	3.14121194855	0.00038070503979303894	363.181480885
552	38760	needles3	1000000	3.14120984957	0.00038280401979307044	314.260715008
553	43794	needles3	1000000	3.14054251747	0.0010501361197929882	363.960388899
554	64625	needles3	1000000	3.14100836094	0.0005842926497932055	362.991312027
555	37891	needles3	1000000	3.13990063535	0.0016920182397930361	361.711279154
556	5932	needles3	1000000	3.14416798884	0.0025753352502069227	286.157547951
557	26424	needles3	1000000	3.14130640537	0.0002862482197931726	363.719197035
558	50353	needles3	1000000	3.14262519584	0.0010325422502068804	428.801872969
559	20416	needles3	1000000	3.14345105332	0.001858399730207072	362.71142292
560	19437	needles3	1000000	3.1432744977	0.001681844110206665	316.538822889
561	4034	needles3	1000000	3.14109021258	0.0005024410097931309	362.439067841
562	31456	needles3	1000000	3.14002437651	0.0015682770797931234	362.559727907
563	32536	needles3	1000000	3.14029496321	0.0012976903797929928	317.518566847
564	62473	needles3	1000000	3.14440353461	0.002810881020206768	361.771732807
565	24533	needles3	1000000	3.14094330242	0.0006493511697929222	363.279036999
566	57634	needles3	1000000	3.14389042662	0.002297773030206951	361.07023406
567	55447	needles3	1000000	3.14064532689	0.0009473266997930274	361.354469061
568	48673	needles3	1000000	3.14148903799	0.00010361559979310542	361.525646925
569	14969	needles3	1000000	3.13974125432	0.0018513992697930526	318.021691084
570	1737	needles3	1000000	3.14013763969	0.0014550138997933004	361.274466038
571	61956	needles3	1000000	3.14179977218	0.00020711859020705603	362.535748959
572	31389	needles3	1000000	3.14067470225	0.0009179513397929995	319.184004784
573	40076	needles3	1000000	3.14120984957	0.00038280401979307044	360.652236223
574	7145	needles3	1000000	3.1434825832	0.001889929610206842	288.831867218
575	7114	needles3	1000000	3.1400327661	0.001559887489793077	431.328974962
576	2273	needles3	1000000	3.14386940118	0.0022767475902067957	317.484187841
577	43992	needles3	1000000	3.14175147838	0.00015882479020667972	317.346064091
578	35883	needles3	1000000	3.14157931254	1.3341049793336168e-05	316.01403594
579	16520	needles3	1000000	3.14362552658	0.0020328729902070464	317.137393951
580	49595	needles3	1000000	3.14132739654	0.0002652570497931883	317.300989866
581	35438	needles3	1000000	3.14426682964	0.0026741760502067002	361.160982132
582	6265	needles3	1000000	3.14271553569	0.0011228821002067235	364.643277884
583	11741	needles3	1000000	3.14392196531	0.0023293117202070057	361.167733908
584	38098	needles3	1000000	3.14144285302	0.00014980056979307932	287.990833044
585	38801	needles3	1000000	3.14201816271	0.00042550912020677956	428.858976126
586	57626	needles3	1000000	3.14399345536	0.0024008017702068507	317.51742506
587	61024	needles3	1000000	3.13887123534	0.002721418249793217	361.575493097
588	57067	needles3	1000000	3.14244873297	0.0008560793802070421	361.803533077
589	65201	needles3	1000000	3.14132319828	0.00026945530979327614	361.839459896
590	59695	needles3	1000000	3.14146174671	0.00013090687979300242	362.690920115
591	19751	needles3	1000000	3.14336277303	0.0017701194402066633	362.33138299
592	39037	needles3	1000000	3.14228489233	0.000692238740207074	317.025434971
593	62224	needles3	1000000	3.1435687681	0.001976114510207072	317.732841969
594	24053	needles3	1000000	3.14280377963	0.0012111260402067892	318.599758863
595	26410	needles3	1000000	3.14094330242	0.0006493511697929222	362.896653175
596	2893	needles3	1000000	3.14080689815	0.0007857554397929789	315.361755133
597	63300	needles3	1000000	3.14067470225	0.0009179513397929995	317.56610918
598	15433	needles3	1000000	3.14333334737	0.0017406937802069145	362.03166008
599	2353	needles3	1000000	3.14211896858	0.0005263149902070552	316.969693899
600	42306	needles3	1000000	3.14146384602	0.0001288075697929436	316.793776989
601	51147	needles3	10000000	3.14154278221	4.9871379792953974e-05	1009.68411112
602	30781	needles3	10000000	3.14167694085	8.428726020692778e-05	1060.64716291
603	18671	needles3	10000000	3.14171788356	0.0001252299702070303	1016.75882506
604	34589	needles3	10000000	3.14166749268	7.48390902067797e-05	1018.17547393
605	40087	needles3	10000000	3.14161689347	2.4239880207055364e-05	1043.65252495
606	9758	needles3	10000000	3.14141220375	0.0001804498397932619	1020.86485505
607	16253	needles3	10000000	3.14176932591	0.00017667232020679435	1038.69632888
608	25374	needles3	10000000	3.14169772701	0.00010507342020682486	1003.58882999
609	41190	needles3	10000000	3.14151129124	8.136234979305712e-05	1026.48626113
610	43956	needles3	10000000	3.14164565714	5.3003550207098016e-05	1027.60100889
611	11353	needles3	10000000	3.1416840795	9.142591020694368e-05	1012.75339198
612	37035	needles3	10000000	3.14170780525	0.00011515166020670264	1032.22890592
613	64228	needles3	10000000	3.14180754132	0.00021488773020683638	1015.16361594
614	27882	needles3	10000000	3.14159610837	3.4547802068018996e-06	1038.91618609
615	46894	needles3	10000000	3.14157574345	1.6910139793324674e-05	1012.38754988
616	50098	needles3	10000000	3.14174475935	0.00015210576020674438	1016.8776691
617	25191	needles3	10000000	3.14176995583	0.00017730224020695573	1054.00301814
618	14106	needles3	10000000	3.14142626875	0.0001663848397930323	1011.10718298
619	25431	needles3	10000000	3.14149302676	9.962682979303139e-05	1025.13729715
620	10449	needles3	10000000	3.14167127194	7.861835020683827e-05	1035.67594981
621	6399	needles3	10000000	3.14168386954	9.1215950206891e-05	1014.86577988
622	57008	needles3	10000000	3.1415782628	1.439078979315056e-05	998.098874092
623	22198	needles3	10000000	3.14169982664	0.00010717305020691015	1064.92768908
624	54197	needles3	10000000	3.14171683373	0.00012418014020676438	1038.38573313
625	64535	needles3	10000000	3.14165279565	6.014206020710233e-05	1024.54228616
626	54973	needles3	10000000	3.14166665285	7.399926020701386e-05	1006.56180501
627	60893	needles3	10000000	3.14190707373	0.0003144201402069946	991.444202185
628	35537	needles3	10000000	3.14132550732	0.0002671462697931837	1051.83973408
629	30586	needles3	10000000	3.14180460164	0.00021194805020696705	1034.91044092
630	46169	needles3	10000000	3.14158141201	1.1241579793264123e-05	1041.04776192
631	63594	needles3	10000000	3.14158330153	9.352059793243939e-06	1059.23032403
632	11113	needles3	10000000	3.1417122145	0.00011956091020692838	1040.13557887
633	27224	needles3	10000000	3.14151087136	8.178222979315919e-05	1021.65806317
634	47072	needles3	10000000	3.14189132452	0.00029867093020685687	1040.92768097
635	12275	needles3	10000000	3.14169436762	0.00010171403020686753	1028.4640379
636	6876	needles3	10000000	3.14166224373	6.959014020679888e-05	1097.46609306
637	43132	needles3	10000000	3.14161038498	1.773139020677661e-05	1013.43423295
638	59767	needles3	10000000	3.14142626875	0.0001663848397930323	1026.84012198
639	11077	needles3	10000000	3.14139499003	0.00019766355979333738	1026.32378006
640	59242	needles3	10000000	3.14178969335	0.00019703976020668534	1042.9503448
641	38145	needles3	10000000	3.14133306421	0.0002595893797932014	1058.55905795
642	23282	needles3	10000000	3.14133852198	0.0002541316097932622	1033.01481891
643	30916	needles3	10000000	3.14151150118	8.115240979300609e-05	1047.17027593
644	44810	needles3	10000000	3.1417584074	0.00016575381020667024	1045.10155797
645	48658	needles3	10000000	3.14167043211	7.777852020707243e-05	1041.01738501
646	342	needles3	10000000	3.14152787641	6.477717979302966e-05	1073.96240997
647	59878	needles3	10000000	3.14179389286	0.0002012392702068766	1066.51878285
648	4352	needles3	10000000	3.14146363609	0.00012901749979299382	1041.73593998
649	50474	needles3	10000000	3.14196650221	0.00037384862020672927	996.339722872
650	14455	needles3	10000000	3.14180985108	0.00021719749020698842	1007.19805098
651	44431	needles3	10000000	3.14175252822	0.00015987463020694648	1029.87237597
652	34698	needles3	10000000	3.14170549565	0.00011284206020700793	1026.80079985
653	18090	needles3	10000000	3.14146090699	0.00013174659979320325	1039.34430313
654	17237	needles3	10000000	3.14154131262	5.134096979331204e-05	1071.10228086
655	62958	needles3	10000000	3.14168030021	8.764662020688263e-05	1026.90063095
656	61345	needles3	10000000	3.14160891532	1.626173020685684e-05	1051.34801102
657	63833	needles3	10000000	3.14128184605	0.00031080753979306763	1032.02864385
658	1738	needles3	10000000	3.14162697119	3.431760020689012e-05	1008.70392084
659	29253	needles3	10000000	3.14154698106	4.567252979326142e-05	1054.79928303
660	46489	needles3	10000000	3.14160408646	1.143287020699546e-05	1059.08053207
661	34390	needles3	10000000	3.14147644196	0.00011621162979302824	1054.11764812
662	13493	needles3	10000000	3.14162550152	3.284793020696952e-05	1017.2502079
663	1720	needles3	10000000	3.14159946756	6.813970206742681e-06	1020.15993786
664	64224	needles3	10000000	3.14150247388	9.017970979297019e-05	1043.43978691
665	6543	needles3	10000000	3.14184344786	0.0002507942702068	1047.81656694
666	2204	needles3	10000000	3.14182811924	0.00023546565020682308	1035.82957602
667	4807	needles3	10000000	3.14164040825	4.775466020667807e-05	1059.68663287
668	39412	needles3	10000000	3.1415704948	2.2158789793280675e-05	1080.00166011
669	60298	needles3	10000000	3.14177772482	0.00018507123020672367	1049.3574481
670	17125	needles3	10000000	3.14152598695	6.666663979304488e-05	985.410648823
671	9326	needles3	10000000	3.14145670837	0.00013594521979332086	1062.29481196
672	31367	needles3	10000000	3.14174727898	0.00015462539020694166	1016.70797992
673	64923	needles3	10000000	3.14162781101	3.515742020709922e-05	1047.53927612
674	48901	needles3	10000000	3.1417269121	0.000134258510207097	1013.71464896
675	50052	needles3	10000000	3.14168911857	9.646498020687844e-05	1063.74094319
676	36649	needles3	10000000	3.14160597601	1.3322420207018126e-05	1027.64435005
677	57381	needles3	10000000	3.14127659838	0.00031605520979294255	1057.81640697
678	28423	needles3	10000000	3.14151674963	7.590395979306663e-05	1066.99797201
679	11551	needles3	10000000	3.14165573504	6.308145020694766e-05	1054.87573218
680	18888	needles3	10000000	3.14132865602	0.00026399756979289535	1044.77268195
681	11848	needles3	10000000	3.14168659903	9.39454402066886e-05	1092.69260192
682	44696	needles3	10000000	3.14183042902	0.00023777543020697678	1040.02592707
683	42326	needles3	10000000	3.14189657424	0.0003039206502069014	1053.59361887
684	44008	needles3	10000000	3.14156230694	3.0346649793067115e-05	1053.01745701
685	38974	needles3	10000000	3.14177205555	0.00017940196020704846	1056.40058208
686	46970	needles3	10000000	3.14153606409	5.6589499793258113e-05	1043.63210797
687	18830	needles3	10000000	3.14154026291	5.239067979312395e-05	1069.09503698
688	11824	needles3	10000000	3.14179494273	0.00020228914020670175	1080.29177403
689	14471	needles3	10000000	3.14193899264	0.0003463390502069785	1038.74030614
690	36204	needles3	10000000	3.14181699033	0.00022433674020705396	1021.12278295
691	16709	needles3	10000000	3.14182517952	0.00023252593020695045	1090.90275097
692	26485	needles3	10000000	3.14152514719	6.750639979324902e-05	1036.08683801
693	58210	needles3	10000000	3.14149869502	9.395856979299566e-05	1049.97024798
694	59725	needles3	10000000	3.14145649844	0.00013615514979292698	1107.2747879
695	74162	needles3	10000000	3.14160555611	1.2902520206914403e-05	1029.57999301
696	7708	needles3	10000000	3.14163620916	4.3555570206965655e-05	1055.18785882
697	21594	needles3	10000000	3.14131941986	0.0002732337297932652	1151.99232197
698	19268	needles3	10000000	3.14138008563	0.00021256795979329723	1014.785321
699	13794	needles3	10000000	3.14160828547	1.5631880206701254e-05	1062.40608788
700	24292	needles3	10000000	3.14141451292	0.00017814066979315868	1034.08469296
